430.295380 122.318047 0
427.350739 145.359116 1
424.257172 168.406921 2
421.168152 192.127487 3
417.904144 215.131866 4
414.354980 238.216171 5
407.408508 119.366089 6
404.306763 142.365784 7
401.223236 165.406860 8
398.143250 189.032745 9
395.053223 212.050720 10
391.387085 235.249054 11
384.239838 116.132835 12
381.269684 139.257935 13
378.195587 162.442307 14
375.048035 185.977051 15
371.543549 209.224594 16
368.424835 232.319016 17
361.184174 113.134857 18
358.202087 136.124268 19
355.186859 159.279129 20
352.041473 182.323120 21
348.502167 206.082184 22
345.513245 229.348526 23
338.112640 110.048645 24
335.202087 133.124268 25
332.051056 156.145966 26
328.973358 179.381256 27
325.453705 203.003021 28
322.484741 226.288330 29
399.154083 115.405869 30
402.191925 139.108887 31
405.631104 162.408401 32
409.202606 185.427658 33
412.196747 208.310669 34
415.202057 231.324142 35
376.001251 119.114243 36
379.271515 142.349487 37
382.460419 166.050964 38
386.077362 189.073868 39
389.247559 212.222794 40
392.240631 235.139725 41
352.496338 123.069870 42
356.083893 146.062775 43
359.360382 169.426727 44
362.981720 192.962280 45
366.088959 216.026688 46
369.149902 239.027466 47
329.467804 126.411911 48
332.992676 149.992676 49
336.240631 173.139725 50
339.710846 196.685547 51
343.158752 219.324234 52
346.241455 242.978851 53
306.207336 130.139313 54
309.773407 153.598175 55
313.129822 177.054077 56
316.380432 200.219391 57
320.125031 223.170731 58
323.325775 246.395706 59
138.355591 86.175156 60
161.975128 86.300270 61
185.302612 87.358894 62
208.991455 88.349670 63
232.172409 90.154846 64
255.781250 91.565483 65
137.201080 109.261162 66
160.521317 110.407486 67
184.083893 111.062775 68
207.379593 112.201057 69
231.104279 113.108597 70
254.476486 114.457436 71
136.054413 132.271317 72
159.307632 133.457458 73
182.494003 134.961136 74
206.260498 135.390594 75
229.453705 137.003021 76
253.096329 138.058640 77
134.407257 156.295242 78
158.044052 157.109802 79
181.347656 158.226196 80
205.096970 159.076340 81
228.332199 160.191330 82
252.018295 161.170029 83
133.294662 179.311630 84
156.970734 180.182083 85
180.306976 181.402237 86
203.657349 182.666367 87
227.317535 183.377304 88
250.492157 184.770126 89
128.408585 359.344666 90
135.189941 337.035797 91
142.061722 314.121887 92
149.036438 291.987091 93
156.015305 269.131744 94
162.970459 246.998093 95
151.184799 366.175140 96
158.025131 343.977692 97
164.613464 321.398956 98
171.287979 299.049072 99
178.322357 276.272125 100
185.309891 253.466888 101
173.502655 373.349792 102
180.177017 351.051147 103
187.305786 328.349609 104
194.098389 306.003937 105
201.083893 283.062775 106
208.103790 260.352203 107
196.124390 380.122955 108
203.067230 357.992798 109
210.064209 335.125824 110
216.623917 312.777832 111
223.490402 290.296204 112
230.361496 267.561707 113
218.419083 387.288544 114
225.216232 364.993317 115
232.191788 342.186798 116
239.126434 320.040405 117
246.083893 297.062775 118
253.099350 274.254456 119
136.347107 118.166916 120
159.359451 117.357239 121
182.381409 117.331505 122
205.364441 117.154335 123
228.558945 116.568535 124
251.574326 116.286774 125
136.832230 141.568802 126
159.984070 140.385986 127
183.030777 140.142563 128
206.070740 140.011276 129
229.182312 139.334030 130
252.197571 139.148285 131
137.248520 164.268448 132
160.091888 163.939316 133
183.297882 163.353989 134
206.281265 163.142624 135
229.373169 162.409836 136
252.339432 162.284851 137
137.438217 187.384140 138
160.436340 187.282532 139
183.568466 186.630920 140
206.631424 186.396500 141
229.635376 185.982208 142
253.005920 185.209793 143
138.152649 210.278931 144
161.169785 210.114410 145
184.147522 209.302780 146
207.202133 209.186722 147
230.056915 208.926254 148
253.173187 208.298416 149
110.845329 172.446701 150
132.094971 163.123581 151
153.097305 154.144394 152
174.118317 145.038040 153
195.206528 136.062729 154
216.281250 127.055367 155
120.048187 193.135910 156
141.074692 184.195526 157
162.091141 175.205017 158
183.202103 166.124268 159
204.258896 157.199280 160
225.295822 148.131348 161
129.125732 214.382477 162
150.174332 205.308380 163
171.188416 196.263428 164
192.278000 187.304214 165
213.316910 178.319672 166
234.373993 169.326035 167
138.155640 235.500961 168
159.177887 226.404999 169
180.190689 217.384399 170
201.223022 208.377136 171
222.331085 199.378189 172
243.328705 190.380112 173
147.084595 257.137268 174
168.121368 248.121521 175
189.120895 239.057785 176
210.205933 229.410416 177
231.286224 220.482697 178
252.218979 211.368423 179
125.595139 344.381042 180
135.020493 323.332947 181
143.954193 303.128143 182
153.255417 282.302826 183
162.978546 262.018585 184
172.385437 241.375717 185
146.064850 354.051971 186
155.245499 333.330780 187
164.310333 313.280670 188
173.991089 292.184265 189
183.280899 271.379944 190
193.014786 251.010254 191
166.271271 364.242981 192
175.521011 343.379486 193
185.002975 323.036621 194
194.288818 302.214722 195
204.050720 281.335205 196
213.184952 261.138428 197
186.564835 374.199493 198
196.146271 353.223755 199
205.356094 332.401703 200
214.995529 312.030304 201
224.270676 291.310089 202
233.638382 270.645538 203
207.140518 383.407318 204
216.334503 363.304199 205
226.016312 342.298706 206
235.248489 322.158447 207
244.540329 301.445129 208
254.233627 280.363617 209
183.993988 426.036011 210
182.127350 403.422363 211
180.082336 381.221497 212
178.143387 358.292999 213
176.151688 335.422424 214
174.161484 313.078491 215
207.053543 424.205475 216
204.967728 402.079926 217
203.080627 379.260590 218
201.129349 357.065399 219
199.193710 334.145081 220
197.259277 311.227905 221
229.532394 423.392670 222
228.067612 400.201111 223
226.035141 378.017242 224
224.205154 355.189545 225
222.271912 332.250366 226
220.274628 309.310303 227
252.445969 421.468994 228
250.580292 399.202423 229
249.079681 376.178253 230
247.139252 353.256989 231
245.138779 331.141083 232
243.252686 308.225067 233
275.215363 419.931885 234
273.418457 397.412018 235
271.611725 374.699127 236
270.065308 352.076660 237
268.178436 329.248016 238
266.252441 306.318298 239
347.100372 432.091675 240
326.182312 422.101471 241
305.300537 412.106903 242
284.373779 402.182556 243
263.444336 392.172363 244
242.961731 381.392365 245
357.051941 411.076752 246
336.262939 401.168518 247
315.405640 391.115112 248
294.572937 381.299103 249
273.947815 371.019440 250
253.113739 361.049927 251
367.258911 390.199280 252
346.298279 380.156403 253
325.612671 370.421326 254
305.037811 360.044006 255
284.170532 350.083099 256
263.184540 340.158264 257
377.309723 369.279266 258
356.406494 359.293121 259
336.049438 349.101593 260
315.124268 339.159729 261
294.220856 329.191864 262
273.297699 319.183258 263
387.375305 348.393097 264
366.619781 338.661041 265
346.089569 328.266663 266
325.185150 318.286346 267
304.235718 308.247009 268
283.322449 298.313416 269
479.226257 207.004837 270
462.147003 222.998749 271
445.115967 239.026718 272
428.026459 255.058502 273
410.746338 271.416016 274
393.258057 287.136047 275
463.499878 189.431549 276
446.326935 205.404068 277
429.257202 221.361954 278
412.048737 237.983398 279
394.449738 254.044891 280
377.177002 270.051147 281
447.508423 172.305573 282
430.260803 188.269028 283
413.231140 204.251297 284
396.065613 220.235535 285
378.694336 236.681320 286
361.409912 252.529022 287
431.414246 155.073349 288
414.205078 171.069672 289
397.160126 187.118423 290
380.052765 203.139267 291
362.550537 219.383041 292
345.286133 235.282791 293
415.568665 137.574387 294
398.269165 153.414322 295
381.087006 170.005875 296
364.061005 185.978104 297
346.591217 202.216568 298
329.251831 218.193100 299
151.211441 405.999603 300
153.136978 382.179199 301
154.245056 359.010040 302
156.158371 335.084625 303
158.130554 311.230896 304
160.032166 288.051941 305
174.662262 407.704865 306
176.231323 384.158875 307
178.141388 360.176025 308
179.538773 337.111115 309
181.414398 313.437042 310
183.204117 290.008820 311
198.313446 409.355164 312
200.074722 386.021820 313
201.630264 362.479584 314
203.151474 339.034851 315
205.093292 315.048950 316
207.085464 291.191437 317
221.825470 411.626160 318
223.216232 387.993317 319
225.202103 364.124268 320
227.098480 340.232117 321
228.449173 317.231964 322
230.281479 293.313934 323
245.231308 413.203705 324
247.115601 389.248657 325
248.516800 366.269958 326
250.293961 342.287201 327
252.082809 319.020111 328
253.962875 295.068115 329
253.382355 513.304932 330
243.052704 492.234894 331
232.260498 471.390594 332
221.464783 450.711548 333
211.177094 429.229889 334
200.477615 408.452332 335
274.625977 503.402863 336
264.089508 482.049774 337
253.429291 461.283722 338
243.045822 440.087311 339
232.210983 419.168304 340
222.055099 398.010193 341
296.046112 492.998383 342
285.183380 472.003571 343
275.023834 450.995331 344
264.148651 430.016266 345
253.379120 408.969604 346
243.118149 387.292480 347
317.224731 482.306580 348
306.569031 461.649536 349
296.125702 440.316406 350
285.388184 419.367615 351
275.017181 398.138611 352
264.315765 377.338776 353
338.294647 472.311646 354
327.973389 451.159149 355
317.294647 430.311646 356
306.960938 409.133026 357
296.091644 388.101379 358
285.505371 367.275482 359
359.499603 462.349304 360
349.095367 441.056519 361
338.357086 420.240601 362
328.110413 399.074615 363
317.183380 378.003571 364
307.023895 356.331299 365
381.019348 452.002808 366
370.260498 430.390594 367
359.972900 409.358856 368
349.143402 389.058990 369
338.572021 367.561798 370
328.175446 346.133331 371
402.170044 441.190399 372
391.578735 420.506226 373
381.085205 399.242462 374
370.423676 378.494171 375
360.060577 357.112305 376
349.244537 336.240448 377
423.321228 431.237152 378
413.105804 410.072662 379
402.328796 389.254272 380
391.999695 368.119934 381
381.191803 347.186798 382
371.001404 326.002716 383
444.972626 420.373108 384
434.113983 400.012787 385
424.050354 378.973206 386
413.111938 358.012970 387
402.436279 337.035889 388
392.173340 315.207214 389
-431602080.000000 -431602080.000000 390
-431602080.000000 -431602080.000000 391
-431602080.000000 -431602080.000000 392
-431602080.000000 -431602080.000000 393
-431602080.000000 -431602080.000000 394
-431602080.000000 -431602080.000000 395
-431602080.000000 -431602080.000000 396
-431602080.000000 -431602080.000000 397
-431602080.000000 -431602080.000000 398
-431602080.000000 -431602080.000000 399
-431602080.000000 -431602080.000000 400
-431602080.000000 -431602080.000000 401
-431602080.000000 -431602080.000000 402
-431602080.000000 -431602080.000000 403
-431602080.000000 -431602080.000000 404
-431602080.000000 -431602080.000000 405
-431602080.000000 -431602080.000000 406
-431602080.000000 -431602080.000000 407
-431602080.000000 -431602080.000000 408
-431602080.000000 -431602080.000000 409
-431602080.000000 -431602080.000000 410
-431602080.000000 -431602080.000000 411
-431602080.000000 -431602080.000000 412
-431602080.000000 -431602080.000000 413
-431602080.000000 -431602080.000000 414
-431602080.000000 -431602080.000000 415
-431602080.000000 -431602080.000000 416
-431602080.000000 -431602080.000000 417
-431602080.000000 -431602080.000000 418
-431602080.000000 -431602080.000000 419
-431602080.000000 -431602080.000000 420
-431602080.000000 -431602080.000000 421
-431602080.000000 -431602080.000000 422
-431602080.000000 -431602080.000000 423
-431602080.000000 -431602080.000000 424
-431602080.000000 -431602080.000000 425
-431602080.000000 -431602080.000000 426
-431602080.000000 -431602080.000000 427
-431602080.000000 -431602080.000000 428
-431602080.000000 -431602080.000000 429
-431602080.000000 -431602080.000000 430
-431602080.000000 -431602080.000000 431
-431602080.000000 -431602080.000000 432
-431602080.000000 -431602080.000000 433
-431602080.000000 -431602080.000000 434
-431602080.000000 -431602080.000000 435
-431602080.000000 -431602080.000000 436
-431602080.000000 -431602080.000000 437
-431602080.000000 -431602080.000000 438
-431602080.000000 -431602080.000000 439
-431602080.000000 -431602080.000000 440
-431602080.000000 -431602080.000000 441
-431602080.000000 -431602080.000000 442
-431602080.000000 -431602080.000000 443
-431602080.000000 -431602080.000000 444
-431602080.000000 -431602080.000000 445
-431602080.000000 -431602080.000000 446
-431602080.000000 -431602080.000000 447
-431602080.000000 -431602080.000000 448
-431602080.000000 -431602080.000000 449
-431602080.000000 -431602080.000000 450
-431602080.000000 -431602080.000000 451
-431602080.000000 -431602080.000000 452
-431602080.000000 -431602080.000000 453
-431602080.000000 -431602080.000000 454
-431602080.000000 -431602080.000000 455
-431602080.000000 -431602080.000000 456
-431602080.000000 -431602080.000000 457
-431602080.000000 -431602080.000000 458
-431602080.000000 -431602080.000000 459
-431602080.000000 -431602080.000000 460
-431602080.000000 -431602080.000000 461
-431602080.000000 -431602080.000000 462
-431602080.000000 -431602080.000000 463
-431602080.000000 -431602080.000000 464
-431602080.000000 -431602080.000000 465
-431602080.000000 -431602080.000000 466
-431602080.000000 -431602080.000000 467
-431602080.000000 -431602080.000000 468
-431602080.000000 -431602080.000000 469
-431602080.000000 -431602080.000000 470
-431602080.000000 -431602080.000000 471
-431602080.000000 -431602080.000000 472
-431602080.000000 -431602080.000000 473
-431602080.000000 -431602080.000000 474
-431602080.000000 -431602080.000000 475
-431602080.000000 -431602080.000000 476
-431602080.000000 -431602080.000000 477
-431602080.000000 -431602080.000000 478
-431602080.000000 -431602080.000000 479
-431602080.000000 -431602080.000000 480
-431602080.000000 -431602080.000000 481
-431602080.000000 -431602080.000000 482
-431602080.000000 -431602080.000000 483
-431602080.000000 -431602080.000000 484
-431602080.000000 -431602080.000000 485
-431602080.000000 -431602080.000000 486
-431602080.000000 -431602080.000000 487
-431602080.000000 -431602080.000000 488
-431602080.000000 -431602080.000000 489
-431602080.000000 -431602080.000000 490
-431602080.000000 -431602080.000000 491
-431602080.000000 -431602080.000000 492
-431602080.000000 -431602080.000000 493
-431602080.000000 -431602080.000000 494
-431602080.000000 -431602080.000000 495
-431602080.000000 -431602080.000000 496
-431602080.000000 -431602080.000000 497
-431602080.000000 -431602080.000000 498
-431602080.000000 -431602080.000000 499
-431602080.000000 -431602080.000000 500
-431602080.000000 -431602080.000000 501
-431602080.000000 -431602080.000000 502
-431602080.000000 -431602080.000000 503
-431602080.000000 -431602080.000000 504
-431602080.000000 -431602080.000000 505
-431602080.000000 -431602080.000000 506
-431602080.000000 -431602080.000000 507
-431602080.000000 -431602080.000000 508
-431602080.000000 -431602080.000000 509
-431602080.000000 -431602080.000000 510
-431602080.000000 -431602080.000000 511
-431602080.000000 -431602080.000000 512
-431602080.000000 -431602080.000000 513
-431602080.000000 -431602080.000000 514
-431602080.000000 -431602080.000000 515
-431602080.000000 -431602080.000000 516
-431602080.000000 -431602080.000000 517
-431602080.000000 -431602080.000000 518
-431602080.000000 -431602080.000000 519
-431602080.000000 -431602080.000000 520
-431602080.000000 -431602080.000000 521
-431602080.000000 -431602080.000000 522
-431602080.000000 -431602080.000000 523
-431602080.000000 -431602080.000000 524
-431602080.000000 -431602080.000000 525
-431602080.000000 -431602080.000000 526
-431602080.000000 -431602080.000000 527
-431602080.000000 -431602080.000000 528
-431602080.000000 -431602080.000000 529
-431602080.000000 -431602080.000000 530
-431602080.000000 -431602080.000000 531
-431602080.000000 -431602080.000000 532
-431602080.000000 -431602080.000000 533
-431602080.000000 -431602080.000000 534
-431602080.000000 -431602080.000000 535
-431602080.000000 -431602080.000000 536
-431602080.000000 -431602080.000000 537
-431602080.000000 -431602080.000000 538
-431602080.000000 -431602080.000000 539
-431602080.000000 -431602080.000000 540
-431602080.000000 -431602080.000000 541
-431602080.000000 -431602080.000000 542
-431602080.000000 -431602080.000000 543
-431602080.000000 -431602080.000000 544
-431602080.000000 -431602080.000000 545
-431602080.000000 -431602080.000000 546
-431602080.000000 -431602080.000000 547
-431602080.000000 -431602080.000000 548
-431602080.000000 -431602080.000000 549
-431602080.000000 -431602080.000000 550
-431602080.000000 -431602080.000000 551
-431602080.000000 -431602080.000000 552
-431602080.000000 -431602080.000000 553
-431602080.000000 -431602080.000000 554
-431602080.000000 -431602080.000000 555
-431602080.000000 -431602080.000000 556
-431602080.000000 -431602080.000000 557
-431602080.000000 -431602080.000000 558
-431602080.000000 -431602080.000000 559
-431602080.000000 -431602080.000000 560
-431602080.000000 -431602080.000000 561
-431602080.000000 -431602080.000000 562
-431602080.000000 -431602080.000000 563
-431602080.000000 -431602080.000000 564
-431602080.000000 -431602080.000000 565
-431602080.000000 -431602080.000000 566
-431602080.000000 -431602080.000000 567
-431602080.000000 -431602080.000000 568
-431602080.000000 -431602080.000000 569
-431602080.000000 -431602080.000000 570
-431602080.000000 -431602080.000000 571
-431602080.000000 -431602080.000000 572
-431602080.000000 -431602080.000000 573
-431602080.000000 -431602080.000000 574
-431602080.000000 -431602080.000000 575
-431602080.000000 -431602080.000000 576
-431602080.000000 -431602080.000000 577
-431602080.000000 -431602080.000000 578
-431602080.000000 -431602080.000000 579
-431602080.000000 -431602080.000000 580
-431602080.000000 -431602080.000000 581
-431602080.000000 -431602080.000000 582
-431602080.000000 -431602080.000000 583
-431602080.000000 -431602080.000000 584
-431602080.000000 -431602080.000000 585
-431602080.000000 -431602080.000000 586
-431602080.000000 -431602080.000000 587
-431602080.000000 -431602080.000000 588
-431602080.000000 -431602080.000000 589
-431602080.000000 -431602080.000000 590
-431602080.000000 -431602080.000000 591
-431602080.000000 -431602080.000000 592
-431602080.000000 -431602080.000000 593
-431602080.000000 -431602080.000000 594
-431602080.000000 -431602080.000000 595
-431602080.000000 -431602080.000000 596
-431602080.000000 -431602080.000000 597
-431602080.000000 -431602080.000000 598
-431602080.000000 -431602080.000000 599
-431602080.000000 -431602080.000000 600
-431602080.000000 -431602080.000000 601
-431602080.000000 -431602080.000000 602
-431602080.000000 -431602080.000000 603
-431602080.000000 -431602080.000000 604
-431602080.000000 -431602080.000000 605
-431602080.000000 -431602080.000000 606
-431602080.000000 -431602080.000000 607
-431602080.000000 -431602080.000000 608
-431602080.000000 -431602080.000000 609
-431602080.000000 -431602080.000000 610
-431602080.000000 -431602080.000000 611
-431602080.000000 -431602080.000000 612
-431602080.000000 -431602080.000000 613
-431602080.000000 -431602080.000000 614
-431602080.000000 -431602080.000000 615
-431602080.000000 -431602080.000000 616
-431602080.000000 -431602080.000000 617
-431602080.000000 -431602080.000000 618
-431602080.000000 -431602080.000000 619
-431602080.000000 -431602080.000000 620
-431602080.000000 -431602080.000000 621
-431602080.000000 -431602080.000000 622
-431602080.000000 -431602080.000000 623
-431602080.000000 -431602080.000000 624
-431602080.000000 -431602080.000000 625
-431602080.000000 -431602080.000000 626
-431602080.000000 -431602080.000000 627
-431602080.000000 -431602080.000000 628
-431602080.000000 -431602080.000000 629
-431602080.000000 -431602080.000000 630
-431602080.000000 -431602080.000000 631
-431602080.000000 -431602080.000000 632
-431602080.000000 -431602080.000000 633
-431602080.000000 -431602080.000000 634
-431602080.000000 -431602080.000000 635
-431602080.000000 -431602080.000000 636
-431602080.000000 -431602080.000000 637
-431602080.000000 -431602080.000000 638
-431602080.000000 -431602080.000000 639
-431602080.000000 -431602080.000000 640
-431602080.000000 -431602080.000000 641
-431602080.000000 -431602080.000000 642
-431602080.000000 -431602080.000000 643
-431602080.000000 -431602080.000000 644
-431602080.000000 -431602080.000000 645
-431602080.000000 -431602080.000000 646
-431602080.000000 -431602080.000000 647
-431602080.000000 -431602080.000000 648
-431602080.000000 -431602080.000000 649
-431602080.000000 -431602080.000000 650
-431602080.000000 -431602080.000000 651
-431602080.000000 -431602080.000000 652
-431602080.000000 -431602080.000000 653
-431602080.000000 -431602080.000000 654
-431602080.000000 -431602080.000000 655
-431602080.000000 -431602080.000000 656
-431602080.000000 -431602080.000000 657
-431602080.000000 -431602080.000000 658
-431602080.000000 -431602080.000000 659
-431602080.000000 -431602080.000000 660
-431602080.000000 -431602080.000000 661
-431602080.000000 -431602080.000000 662
-431602080.000000 -431602080.000000 663
-431602080.000000 -431602080.000000 664
-431602080.000000 -431602080.000000 665
-431602080.000000 -431602080.000000 666
-431602080.000000 -431602080.000000 667
-431602080.000000 -431602080.000000 668
-431602080.000000 -431602080.000000 669
-431602080.000000 -431602080.000000 670
-431602080.000000 -431602080.000000 671
-431602080.000000 -431602080.000000 672
-431602080.000000 -431602080.000000 673
-431602080.000000 -431602080.000000 674
-431602080.000000 -431602080.000000 675
-431602080.000000 -431602080.000000 676
-431602080.000000 -431602080.000000 677
-431602080.000000 -431602080.000000 678
-431602080.000000 -431602080.000000 679
-431602080.000000 -431602080.000000 680
-431602080.000000 -431602080.000000 681
-431602080.000000 -431602080.000000 682
-431602080.000000 -431602080.000000 683
-431602080.000000 -431602080.000000 684
-431602080.000000 -431602080.000000 685
-431602080.000000 -431602080.000000 686
-431602080.000000 -431602080.000000 687
-431602080.000000 -431602080.000000 688
-431602080.000000 -431602080.000000 689
-431602080.000000 -431602080.000000 690
-431602080.000000 -431602080.000000 691
-431602080.000000 -431602080.000000 692
-431602080.000000 -431602080.000000 693
-431602080.000000 -431602080.000000 694
-431602080.000000 -431602080.000000 695
-431602080.000000 -431602080.000000 696
-431602080.000000 -431602080.000000 697
-431602080.000000 -431602080.000000 698
-431602080.000000 -431602080.000000 699
-431602080.000000 -431602080.000000 700
-431602080.000000 -431602080.000000 701
-431602080.000000 -431602080.000000 702
-431602080.000000 -431602080.000000 703
-431602080.000000 -431602080.000000 704
-431602080.000000 -431602080.000000 705
-431602080.000000 -431602080.000000 706
-431602080.000000 -431602080.000000 707
-431602080.000000 -431602080.000000 708
-431602080.000000 -431602080.000000 709
-431602080.000000 -431602080.000000 710
-431602080.000000 -431602080.000000 711
-431602080.000000 -431602080.000000 712
-431602080.000000 -431602080.000000 713
-431602080.000000 -431602080.000000 714
-431602080.000000 -431602080.000000 715
-431602080.000000 -431602080.000000 716
-431602080.000000 -431602080.000000 717
-431602080.000000 -431602080.000000 718
-431602080.000000 -431602080.000000 719
