201.412994 399.359558 0 
179.297592 400.954803 1 
157.971191 402.120667 2 
136.773529 403.850555 3 
115.467506 404.990387 4 
94.691872 406.116943 5 
201.021881 377.031158 6 
179.017426 378.049255 7 
157.362015 379.870972 8 
136.362701 381.044830 9 
115.526489 382.634979 10 
94.525925 383.922516 11 
200.750824 354.284424 12 
178.946548 355.993011 13 
157.201477 357.228119 14 
136.084778 358.857178 15 
115.003578 360.089233 16 
94.291763 361.912170 17 
200.301102 331.403290 18 
178.638107 333.387299 19 
157.049042 334.180115 20 
136.012955 336.086517 21 
115.043144 337.965668 22 
94.035629 339.119720 23 
199.957535 308.970367 24 
178.163742 310.995270 25 
156.993774 312.094604 26 
135.649689 314.202332 27 
114.653793 315.988770 28 
94.112785 317.291412 29 
199.898270 287.311707 30 
178.031815 288.968994 31 
157.088989 290.947632 32 
135.704239 292.265747 33 
114.444145 294.023834 34 
94.073524 295.909760 35 
199.652176 265.432495 36 
177.993515 266.996063 37 
156.839523 268.831757 38 
135.859833 270.881104 39 
115.072647 272.154877 40 
94.424065 274.318085 41 
199.569275 243.549561 42 
178.009125 244.988312 43 
157.024384 247.025345 44 
135.614655 248.921249 45 
115.126617 251.011505 46 
95.015633 252.996262 47 
199.515244 222.254913 48 
178.017868 224.005310 49 
156.931107 225.202255 50 
136.055649 227.256699 51 
115.156387 229.884598 52 
95.147964 232.013565 53 
199.936035 201.046082 54 
178.217453 203.145737 55 
157.012497 205.055038 56 
136.182144 206.984772 57 
116.028488 209.167938 58 
96.031677 211.192200 59 
