479.226257 207.004837 0 
462.147003 222.998749 1 
445.115967 239.026718 2 
428.026459 255.058502 3 
410.746338 271.416016 4 
393.258057 287.136047 5 
463.499878 189.431549 6 
446.326935 205.404068 7 
429.257202 221.361954 8 
412.048737 237.983398 9 
394.449738 254.044891 10 
377.177002 270.051147 11 
447.508423 172.305573 12 
430.260803 188.269028 13 
413.231140 204.251297 14 
396.065613 220.235535 15 
378.694336 236.681320 16 
361.409912 252.529022 17 
431.414246 155.073349 18 
414.205078 171.069672 19 
397.160126 187.118423 20 
380.052765 203.139267 21 
362.550537 219.383041 22 
345.286133 235.282791 23 
415.568665 137.574387 24 
398.269165 153.414322 25 
381.087006 170.005875 26 
364.061005 185.978104 27 
346.591217 202.216568 28 
329.251831 218.193100 29 
399.442932 120.336884 30 
382.313446 136.254791 31 
365.182434 152.250107 32 
348.013245 168.333786 33 
330.305084 185.036407 34 
313.131989 201.063263 35 
383.383881 103.206451 36 
366.196289 119.120750 37 
349.093292 135.048950 38 
332.020172 151.185410 39 
314.546692 167.572464 40 
297.270416 183.379166 41 
367.333008 85.402031 42 
350.272888 101.350754 43 
333.050995 117.984299 44 
316.019592 134.028915 45 
298.381195 150.260544 46 
281.160492 166.086365 47 
351.231323 68.158890 48 
334.116760 84.205223 49 
317.021088 100.186111 50 
299.409790 116.898659 51 
282.143402 133.056488 52 
265.069092 149.031128 53 
335.143402 51.058998 54 
317.995361 67.001389 55 
300.985046 83.060875 56 
283.401031 99.295303 57 
266.256653 115.386787 58 
249.029587 131.351868 59 
