584.037781 232.044006 0 
607.455750 229.397110 1 
631.243713 226.416794 2 
655.042847 224.015991 3 
679.041748 221.255875 4 
702.328552 219.037537 5 
586.284363 255.087158 6 
610.251038 252.263489 7 
634.012817 249.173935 8 
657.983276 247.000092 9 
681.345947 244.589981 10 
705.214661 242.179031 11 
589.092102 278.046173 12 
613.041443 275.171234 13 
636.948303 273.057007 14 
660.223267 270.225769 15 
684.132019 268.040009 16 
708.080872 265.185608 17 
591.927307 301.238861 18 
615.171448 299.031006 19 
639.212769 296.290710 20 
663.109802 294.045227 21 
686.996948 291.293152 22 
710.564819 289.268433 23 
594.108765 325.000824 24 
618.086853 322.192230 25 
642.018066 320.032135 26 
665.423645 317.548950 27 
689.296936 315.239960 28 
713.219238 313.015594 29 
596.897095 348.122620 30 
620.216919 346.071686 31 
644.264526 343.402405 32 
668.080078 341.081451 33 
692.025330 339.021301 34 
716.048523 336.189880 35 
599.022156 371.972656 36 
623.030457 369.150360 37 
646.946167 367.027679 38 
670.240845 364.973663 39 
694.223267 362.153809 40 
718.313049 360.144928 41 
601.294678 395.252411 42 
625.121094 393.077850 43 
649.065247 390.976868 44 
673.084717 388.189606 45 
697.000977 386.000671 46 
721.011841 384.005310 47 
603.961853 419.017609 48 
627.973022 416.260895 49 
651.435242 414.371246 50 
675.197754 412.216583 51 
699.131042 409.948334 52 
723.312988 407.409515 53 
606.069519 442.066132 54 
630.041504 440.025238 55 
654.031067 438.010223 56 
677.599548 435.546814 57 
701.447449 433.307465 58 
726.017273 431.023010 59 
