102.589676 259.974640 0 
108.060837 239.055252 1 
113.282211 218.383957 2 
118.383560 198.156281 3 
124.140526 177.361435 4 
129.392334 157.131897 5 
121.249931 264.874207 6 
126.505341 244.040512 7 
132.193954 223.293381 8 
137.274490 202.953796 9 
143.129120 182.138397 10 
148.454956 161.345169 11 
141.061279 270.012695 12 
146.164139 249.036728 13 
151.253342 228.168808 14 
156.729156 207.568573 15 
162.157913 187.019791 16 
167.997543 166.064713 17 
160.242264 274.962616 18 
165.495316 253.994431 19 
171.095505 233.376938 20 
176.217636 212.268127 21 
182.018188 191.213654 22 
187.268509 170.376831 23 
180.153687 280.047302 24 
185.150055 259.104553 25 
190.295547 238.082352 26 
196.119659 217.197098 27 
201.330933 196.072784 28 
207.125320 175.299332 29 
200.016846 285.069092 30 
205.029800 263.974548 31 
210.167587 243.120880 32 
215.903961 222.575089 33 
221.266113 201.061661 34 
227.125320 180.299332 35 
220.111740 290.283386 36 
225.075699 269.204529 37 
230.739304 248.559326 38 
236.126083 227.295074 39 
241.999725 206.119736 40 
247.816589 185.557953 41 
240.123276 296.000519 42 
245.617508 274.699615 43 
251.085358 253.174896 44 
257.000916 232.218063 45 
262.428986 211.325928 46 
268.173462 190.336823 47 
261.004730 301.004639 48 
266.039764 279.997253 49 
271.373291 258.459412 50 
277.166626 237.337296 51 
282.779297 216.447739 52 
288.354584 195.130737 53 
281.577515 306.393524 54 
286.522552 284.979828 55 
291.995880 263.990601 56 
297.296753 242.112518 57 
303.010925 221.035538 58 
308.743164 200.019562 59 
