240.278503 405.184662 0 
218.622101 411.944214 1 
197.408310 418.474030 2 
176.472183 425.472107 3 
155.487915 431.944092 4 
134.943054 438.136230 5 
234.277939 382.945923 6 
213.035706 390.024261 7 
191.967606 396.255798 8 
170.951324 403.135651 9 
150.057693 410.175018 10 
129.431671 416.794250 11 
228.966522 361.019989 12 
207.214432 368.110809 13 
186.158859 374.740173 14 
165.348160 381.452698 15 
144.636246 388.414398 16 
124.012306 394.975464 17 
223.012115 339.114746 18 
201.951996 345.992493 19 
180.979874 352.984985 20 
159.936630 360.014313 21 
139.259918 366.348419 22 
118.653862 373.570251 23 
217.532135 317.457428 24 
196.300598 324.450684 25 
175.303879 331.389343 26 
154.571884 338.512878 27 
133.989014 345.032043 28 
113.291832 351.983734 29 
212.054382 296.131073 30 
190.945831 303.040039 31 
170.043182 310.065338 32 
149.077789 317.170441 33 
129.000580 324.007446 34 
108.261444 330.975372 35 
206.709137 275.429626 36 
185.738754 282.330902 37 
165.005890 288.998291 38 
144.128235 296.034058 39 
123.989235 303.005371 40 
104.040955 309.997345 41 
201.267700 254.343384 42 
180.169266 261.239838 43 
159.939377 268.032166 44 
139.128983 275.036194 45 
119.068962 282.030182 46 
99.018257 289.082367 47 
196.399979 233.933838 48 
175.370255 240.875916 49 
155.011490 247.045227 50 
134.411804 254.248138 51 
114.224243 261.860046 52 
95.028954 269.139343 53 
191.966843 214.006088 54 
171.025009 221.021179 55 
150.319748 227.226196 56 
130.081161 234.144501 57 
110.168556 241.922607 58 
90.998535 249.115738 59 
