347.100372 432.091675 0 
326.182312 422.101471 1 
305.300537 412.106903 2 
284.373779 402.182556 3 
263.444336 392.172363 4 
242.961731 381.392365 5 
357.051941 411.076752 6 
336.262939 401.168518 7 
315.405640 391.115112 8 
294.572937 381.299103 9 
273.947815 371.019440 10 
253.113739 361.049927 11 
367.258911 390.199280 12 
346.298279 380.156403 13 
325.612671 370.421326 14 
305.037811 360.044006 15 
284.170532 350.083099 16 
263.184540 340.158264 17 
377.309723 369.279266 18 
356.406494 359.293121 19 
336.049438 349.101593 20 
315.124268 339.159729 21 
294.220856 329.191864 22 
273.297699 319.183258 23 
387.375305 348.393097 24 
366.619781 338.661041 25 
346.089569 328.266663 26 
325.185150 318.286346 27 
304.235718 308.247009 28 
283.322449 298.313416 29 
397.345001 328.116577 30 
376.469696 317.978851 31 
356.084930 308.011017 32 
335.095490 298.006561 33 
314.296265 287.378540 34 
293.311157 277.392883 35 
407.490173 307.204987 36 
386.934265 297.055145 37 
366.157440 287.145599 38 
345.178528 277.056488 39 
324.266022 267.023254 40 
303.372437 257.030670 41 
417.601501 286.433502 42 
397.090424 276.145508 43 
376.234802 266.235687 44 
355.264435 256.135956 45 
334.431824 246.229202 46 
313.925354 235.994186 47 
428.080841 265.138733 48 
407.251068 255.263489 49 
386.258911 245.199280 50 
365.368774 235.281998 51 
344.647278 225.330856 52 
324.023834 215.085663 53 
438.151123 244.302292 54 
417.280365 234.287781 55 
396.340240 224.290573 56 
375.646576 214.516327 57 
355.020386 204.109222 58 
334.202087 194.124268 59 
