125.147919 230.087631 0 
139.361206 215.262375 1 
153.067902 199.098495 2 
167.140167 183.196915 3 
181.147156 167.955597 4 
195.401505 152.230286 5 
139.284744 243.996750 6 
153.403519 228.137833 7 
167.322662 212.259125 8 
181.456650 197.146698 9 
196.095001 181.256180 10 
210.158112 165.997818 11 
154.384964 257.957672 12 
168.394333 242.041336 13 
182.330002 226.286560 14 
196.495316 210.994431 15 
211.051468 195.140594 16 
225.245224 179.276871 17 
169.383026 272.030701 18 
183.374084 256.137726 19 
197.422806 240.380188 20 
211.928802 224.986710 21 
226.054962 209.004608 22 
240.327377 193.131821 23 
184.351593 286.007813 24 
198.374084 270.137726 25 
212.518173 254.357986 26 
227.039429 238.221466 27 
241.196869 222.364380 28 
255.352402 207.106201 29 
199.453720 300.082855 30 
213.543823 284.243134 31 
228.049545 268.203552 32 
242.088715 252.314682 33 
256.326538 236.645981 34 
271.027466 220.999542 35 
215.149780 314.148193 36 
229.141602 298.257965 37 
243.207809 282.350128 38 
257.464935 267.001923 39 
271.969666 250.947372 40 
286.270111 235.125320 41 
230.390793 328.617493 42 
244.475815 312.921173 43 
258.993011 296.988098 44 
273.117767 281.117706 45 
287.475128 265.203156 46 
302.189178 249.077942 47 
246.044907 342.981842 48 
260.070038 326.986603 49 
274.331268 311.092712 50 
288.596863 295.279053 51 
303.211670 279.149231 52 
318.036926 263.140381 53 
261.476379 357.123932 54 
275.626312 341.171692 55 
290.056091 325.113129 56 
304.194092 309.223328 57 
318.987030 293.204681 58 
333.254486 277.361389 59 
