680.241211 472.968933 0 
656.500793 472.386139 1 
632.972168 471.320587 2 
609.104980 470.997101 3 
585.142700 470.045746 4 
562.013062 469.122375 5 
681.154785 449.153748 6 
656.986328 449.002808 7 
633.064026 448.088013 8 
609.069702 448.010345 9 
585.492920 447.253571 10 
562.219604 446.121429 11 
681.142151 426.030182 12 
657.104858 425.189087 13 
633.113159 425.049988 14 
609.378540 424.413544 15 
586.020325 424.020477 16 
562.272217 423.027283 17 
681.436218 402.284576 18 
657.259399 401.964447 19 
633.437195 401.337677 20 
609.971863 400.978760 21 
586.070251 400.064453 22 
562.974609 399.973328 23 
682.002686 378.200378 24 
657.984558 378.074463 25 
634.071655 377.249023 26 
610.213501 377.165314 27 
586.262939 376.981079 28 
563.088928 376.114136 29 
682.061768 355.019073 30 
658.082092 354.204041 31 
634.091797 354.060547 32 
610.233826 354.044708 33 
586.988464 353.215027 34 
563.078308 353.082001 35 
682.136841 331.141083 36 
658.184814 331.091797 37 
634.183044 331.026733 38 
610.961121 330.223328 39 
587.088867 330.111755 40 
563.417480 330.112427 41 
682.418823 307.534210 42 
658.106873 307.070770 43 
634.293152 307.201630 44 
611.089661 307.042725 45 
587.169678 307.027008 46 
563.940918 306.998016 47 
682.345398 284.166687 48 
658.155273 284.051270 49 
634.351318 283.975922 50 
611.070190 284.009735 51 
587.368896 283.458710 52 
564.027893 283.166748 53 
682.483887 260.534790 54 
658.421936 260.446716 55 
634.983337 260.277069 56 
611.130371 260.346588 57 
587.980896 260.274109 58 
564.079712 260.200562 59 
