276.160095 394.069641 0 
256.255310 407.119171 1 
236.710327 420.356750 2 
217.150375 433.067841 3 
197.520584 446.019714 4 
178.333221 458.983795 5 
263.698578 374.485596 6 
244.147873 387.110626 7 
224.356491 400.195923 8 
205.151474 413.190521 9 
185.518021 426.404327 10 
166.357727 439.229919 11 
251.281479 354.360565 12 
231.435562 367.439636 13 
212.155838 380.270325 14 
192.493698 393.377136 15 
173.326202 406.318542 16 
154.160629 419.180176 17 
238.517426 335.022705 18 
219.095261 348.022827 19 
199.409164 360.419617 20 
180.172913 373.936371 21 
161.057297 386.960449 22 
141.562149 399.552002 23 
226.403824 315.330658 24 
207.174820 328.268036 25 
187.402740 341.268921 26 
168.154358 354.147064 27 
148.580597 367.343140 28 
129.445526 380.224915 29 
214.370071 296.324493 30 
195.019714 309.136261 31 
175.333038 322.132294 32 
156.109131 334.951477 33 
136.990417 347.988922 34 
117.969780 360.982422 35 
202.313583 277.151733 36 
182.987442 290.030365 37 
163.513336 302.485626 38 
144.308456 315.262543 39 
125.230644 328.352753 40 
106.273964 341.298767 41 
190.378708 258.145142 42 
171.019073 270.905731 43 
152.055969 283.239746 44 
132.531891 296.509521 45 
113.469078 309.493866 46 
94.500725 322.235626 47 
179.053070 239.131088 48 
159.349319 252.155228 49 
140.230988 264.288147 50 
121.123955 277.256287 51 
102.059792 290.196564 52 
83.294373 303.318146 53 
167.573975 221.546463 54 
148.108337 233.972916 55 
128.937897 246.027496 56 
109.941193 258.993195 57 
91.046738 271.983154 58 
72.384888 284.936096 59 
