673.175842 332.335602 0 
671.998413 355.338257 1 
670.916626 379.041443 2 
669.223999 402.184479 3 
667.964905 425.183655 4 
666.243408 448.314636 5 
650.862244 331.132843 6 
649.208130 354.889709 7 
648.049438 377.965973 8 
646.908875 401.098389 9 
645.112610 424.151764 10 
643.305908 447.193237 11 
628.022522 330.120453 12 
626.388489 353.354401 13 
625.123657 376.946106 14 
623.964661 399.987823 15 
622.093140 422.931396 16 
620.887512 446.017700 17 
604.866943 329.105103 18 
603.235107 352.213226 19 
602.151550 375.199219 20 
600.371094 398.396362 21 
599.239441 421.411530 22 
597.812500 444.402802 23 
581.223022 327.440369 24 
580.147644 351.058960 25 
579.010559 374.087646 26 
577.285278 397.217926 27 
576.090454 420.163605 28 
574.378967 443.411407 29 
558.319763 326.356140 30 
557.131348 349.931488 31 
555.870667 372.969910 32 
554.136658 395.923004 33 
553.055115 419.087433 34 
551.393005 442.332214 35 
535.301147 325.174591 36 
534.127502 348.227509 37 
532.983215 371.267700 38 
531.287476 394.344635 39 
530.150269 417.276886 40 
528.985229 440.936676 41 
512.140320 324.034424 42 
511.060364 347.107208 43 
509.911011 370.140991 44 
508.282806 393.214325 45 
507.083832 416.116089 46 
505.408600 439.387482 47 
489.203247 322.456390 48 
487.927917 345.985565 49 
486.859863 369.073822 50 
485.109711 391.893860 51 
483.964630 414.987823 52 
482.916290 438.058655 53 
466.444794 321.499512 54 
465.168365 344.344482 55 
464.065826 367.367950 56 
462.452332 390.463196 57 
461.200531 413.282532 58 
459.943573 436.945984 59 
