399.154083 115.405869 0 
402.191925 139.108887 1 
405.631104 162.408401 2 
409.202606 185.427658 3 
412.196747 208.310669 4 
415.202057 231.324142 5 
376.001251 119.114243 6 
379.271515 142.349487 7 
382.460419 166.050964 8 
386.077362 189.073868 9 
389.247559 212.222794 10 
392.240631 235.139725 11 
352.496338 123.069870 12 
356.083893 146.062775 13 
359.360382 169.426727 14 
362.981720 192.962280 15 
366.088959 216.026688 16 
369.149902 239.027466 17 
329.467804 126.411911 18 
332.992676 149.992676 19 
336.240631 173.139725 20 
339.710846 196.685547 21 
343.158752 219.324234 22 
346.241455 242.978851 23 
306.207336 130.139313 24 
309.773407 153.598175 25 
313.129822 177.054077 26 
316.380432 200.219391 27 
320.125031 223.170731 28 
323.325775 246.395706 29 
283.087006 133.977112 30 
286.398987 157.292099 31 
290.044098 180.234116 32 
293.194458 204.030899 33 
297.049469 227.079132 34 
300.160126 250.118423 35 
259.758484 137.600296 36 
263.126892 161.018005 37 
267.037903 184.165573 38 
270.338409 207.537918 39 
274.009033 231.027771 40 
277.181610 254.114258 41 
236.270874 141.208893 42 
240.017914 164.319351 43 
243.406006 188.204163 44 
247.270432 211.379166 45 
250.441483 235.043930 46 
254.101685 258.014191 47 
212.998795 145.023148 48 
216.501450 168.422821 49 
220.143402 192.059006 50 
224.084808 215.154800 51 
227.332825 238.909531 52 
231.036102 261.989777 53 
189.353104 148.445557 54 
193.090607 172.144302 55 
197.029587 195.351868 56 
200.590118 219.367767 57 
204.285156 242.373962 58 
207.998535 266.006622 59 
