297.197021 334.218445 0 
296.095367 360.064728 1 
295.156342 385.181427 2 
294.362518 410.312103 3 
293.566193 435.389557 4 
292.998077 460.013092 5 
272.100525 333.108459 6 
271.038116 358.914673 7 
270.204132 384.039154 8 
269.466614 409.115326 9 
268.991791 433.961670 10 
268.316498 458.306732 11 
247.080994 332.128143 12 
246.237839 357.372894 13 
245.340790 382.421326 14 
244.502823 407.576416 15 
244.042374 432.131104 16 
243.237167 457.124329 17 
221.941101 330.985229 18 
221.126297 356.150452 19 
220.138046 381.157410 20 
219.610580 406.552734 21 
219.006516 431.072021 22 
218.343109 456.184113 23 
197.123215 330.017670 24 
196.296524 355.237671 25 
195.480194 380.231598 26 
194.981750 405.037048 27 
194.252960 430.131989 28 
193.977844 454.986908 29 
172.895935 328.908936 30 
171.724182 354.185150 31 
170.989288 378.998749 32 
170.243759 403.928864 33 
169.971985 428.963135 34 
169.516953 453.228333 35 
148.134537 327.272583 36 
147.357849 352.384277 37 
146.619110 377.549103 38 
146.129532 402.145081 39 
145.545059 427.355835 40 
145.117874 451.948547 41 
123.732803 326.475250 42 
123.047676 351.102966 43 
122.389343 376.356873 44 
121.610809 401.291595 45 
121.117874 425.948547 46 
121.123711 450.147278 47 
100.059563 325.034912 48 
99.113258 350.048798 49 
98.115921 375.009552 50 
97.983452 399.983429 51 
97.299538 424.169556 52 
97.146469 449.000519 53 
76.529686 324.265503 54 
75.535484 349.159943 55 
74.983452 373.983429 56 
74.263687 398.291382 57 
74.158157 422.966797 58 
74.241089 447.336609 59 
