531.014343 259.397217 0 
553.434448 257.385986 1 
576.083252 254.540634 2 
598.958618 251.976242 3 
621.977478 250.075562 4 
644.949951 247.298950 5 
532.980286 281.050964 6 
555.233948 278.289368 7 
577.976807 275.996094 8 
601.217041 273.360992 9 
624.043823 271.198425 10 
647.183960 269.209930 11 
534.365662 302.371429 12 
557.307068 300.295807 13 
580.113953 298.131714 14 
603.045898 295.961670 15 
626.278625 293.279236 16 
649.490234 291.367279 17 
536.218201 325.079407 18 
559.193726 322.335022 19 
582.176208 320.256531 20 
605.318604 318.235718 21 
628.390625 316.127350 22 
652.077820 314.105316 23 
538.197083 347.284882 24 
561.203979 345.296539 25 
584.192444 343.182007 26 
607.206177 341.068848 27 
631.024597 338.986359 28 
654.308350 336.395508 29 
540.018188 370.061401 30 
563.104553 367.970001 31 
586.176758 365.910004 32 
609.290710 363.916565 33 
633.020813 361.187531 34 
656.980286 359.159149 35 
541.883789 392.255554 36 
565.128784 390.208008 37 
588.354614 388.430817 38 
612.032471 386.981995 39 
635.270264 384.327179 40 
659.021790 382.164215 41 
543.241821 415.917572 42 
567.040100 414.009521 43 
590.185303 411.988617 44 
614.018555 409.959290 45 
637.190308 407.991180 46 
661.190308 405.991180 47 
545.159790 438.945282 48 
569.028625 437.001404 49 
592.246094 435.120026 50 
616.043640 433.104950 51 
639.453979 431.255737 52 
663.431091 429.253998 53 
547.150085 461.982208 54 
571.037781 460.044006 55 
594.284607 458.280060 56 
618.042847 456.169800 57 
641.986694 454.187286 58 
666.018616 452.317047 59 
