151.211441 405.999603 0 
153.136978 382.179199 1 
154.245056 359.010040 2 
156.158371 335.084625 3 
158.130554 311.230896 4 
160.032166 288.051941 5 
174.662262 407.704865 6 
176.231323 384.158875 7 
178.141388 360.176025 8 
179.538773 337.111115 9 
181.414398 313.437042 10 
183.204117 290.008820 11 
198.313446 409.355164 12 
200.074722 386.021820 13 
201.630264 362.479584 14 
203.151474 339.034851 15 
205.093292 315.048950 16 
207.085464 291.191437 17 
221.825470 411.626160 18 
223.216232 387.993317 19 
225.202103 364.124268 20 
227.098480 340.232117 21 
228.449173 317.231964 22 
230.281479 293.313934 23 
245.231308 413.203705 24 
247.115601 389.248657 25 
248.516800 366.269958 26 
250.293961 342.287201 27 
252.082809 319.020111 28 
253.962875 295.068115 29 
268.692780 415.344940 30 
270.404602 391.349274 31 
272.082794 368.021240 32 
274.047791 344.130005 33 
275.573975 320.954254 34 
277.210968 297.168304 35 
292.174438 417.033844 36 
294.128204 393.114807 37 
295.361237 370.043304 38 
297.191803 346.186798 39 
299.069336 322.243530 40 
301.033661 299.011627 41 
316.025146 418.977692 42 
317.390259 395.287567 43 
319.278015 371.319000 44 
320.523315 348.217072 45 
322.310181 324.225922 46 
324.230896 300.377594 47 
339.431152 420.568420 48 
341.081360 397.048889 49 
342.745087 373.546692 50 
344.168427 350.007385 51 
346.083893 326.062775 52 
348.058807 302.193146 53 
363.117737 422.212311 54 
364.529236 399.088074 55 
366.226410 375.182220 56 
368.079071 351.324738 57 
369.402222 328.146698 58 
371.273010 304.194366 59 
