183.993988 426.036011 0 
182.127350 403.422363 1 
180.082336 381.221497 2 
178.143387 358.292999 3 
176.151688 335.422424 4 
174.161484 313.078491 5 
207.053543 424.205475 6 
204.967728 402.079926 7 
203.080627 379.260590 8 
201.129349 357.065399 9 
199.193710 334.145081 10 
197.259277 311.227905 11 
229.532394 423.392670 12 
228.067612 400.201111 13 
226.035141 378.017242 14 
224.205154 355.189545 15 
222.271912 332.250366 16 
220.274628 309.310303 17 
252.445969 421.468994 18 
250.580292 399.202423 19 
249.079681 376.178253 20 
247.139252 353.256989 21 
245.138779 331.141083 22 
243.252686 308.225067 23 
275.215363 419.931885 24 
273.418457 397.412018 25 
271.611725 374.699127 26 
270.065308 352.076660 27 
268.178436 329.248016 28 
266.252441 306.318298 29 
298.225250 418.256073 30 
296.351959 395.325073 31 
294.414368 373.201874 32 
292.986298 350.168549 33 
291.144745 327.276123 34 
289.188232 305.107941 35 
321.160675 416.282074 36 
319.271515 394.152588 37 
317.470306 371.497467 38 
315.432739 349.173279 39 
314.085541 326.179077 40 
312.234802 303.235687 41 
344.137787 415.004791 42 
342.259857 392.206573 43 
340.356598 370.169861 44 
338.510315 347.386963 45 
337.084961 324.307037 46 
335.192871 301.317810 47 
367.151489 413.223938 48 
365.245514 390.365723 49 
363.296204 368.280029 50 
361.461609 345.378937 51 
359.986115 323.095245 52 
358.200439 300.156311 53 
390.057068 411.358368 54 
388.202637 389.298279 55 
386.235199 366.292114 56 
384.444519 344.261505 57 
382.961060 321.261688 58 
381.165314 298.360504 59 
