1001.050598 443.415680 0 
1012.104919 453.134125 1 
1023.124207 463.100220 2 
1035.070435 472.354645 3 
1046.201172 482.179474 4 
1057.915771 491.952454 5 
1010.236938 432.312347 6 
1021.961975 442.072021 7 
1033.077515 452.103790 8 
1044.997192 461.337280 9 
1056.066772 471.068420 10 
1067.838867 481.005035 11 
1020.172241 421.177185 12 
1031.862305 430.996765 13 
1043.082764 440.281860 14 
1054.744141 450.146423 15 
1065.932373 460.016785 16 
1077.925659 469.364349 17 
1030.034546 410.077393 18 
1041.070068 420.032013 19 
1053.131104 429.203613 20 
1064.159790 439.134552 21 
1076.082764 448.281860 22 
1087.720825 458.207764 23 
1039.801880 399.042664 24 
1051.131104 408.203613 25 
1062.833618 418.275543 26 
1074.055420 428.048401 27 
1086.082764 437.281860 28 
1097.710327 447.067505 29 
1049.321655 388.166870 30 
1061.104248 397.212250 31 
1072.801880 407.042664 32 
1084.094971 416.334564 33 
1095.746338 426.165985 34 
1107.227417 436.092712 35 
1059.055420 376.970581 36 
1070.887451 386.295898 37 
1082.080322 396.034149 38 
1094.085938 405.165619 39 
1105.838257 414.971710 40 
1117.256470 424.331848 41 
1069.022217 365.221924 42 
1080.487427 375.197784 43 
1092.095459 384.329010 44 
1104.115112 394.151062 45 
1115.979370 403.409760 46 
1127.712036 413.192261 47 
