549.055725 284.110382 0 
571.902954 277.345947 1 
594.181335 271.067871 2 
617.216064 264.195068 3 
640.065430 258.008026 4 
663.207153 251.167648 5 
554.960327 306.141846 6 
577.975403 299.227783 7 
600.962036 293.040314 8 
623.930237 286.157898 9 
647.064880 279.990112 10 
670.045959 273.200256 11 
561.204834 328.197388 12 
584.038086 321.992859 13 
607.063660 315.107605 14 
630.092529 309.007263 15 
653.260681 302.348145 16 
677.054016 296.029053 17 
567.956604 351.087555 18 
590.967041 344.981262 19 
613.984558 338.074463 20 
636.991394 332.002808 21 
660.044189 325.127045 22 
683.257080 319.128418 23 
574.037659 374.012848 24 
597.020752 367.308014 25 
620.078125 361.086792 26 
643.128174 355.003662 27 
666.978210 348.214691 28 
690.117310 342.037445 29 
580.052246 396.928345 30 
603.192444 390.182739 31 
626.972473 384.068695 32 
649.980652 377.950439 33 
673.177551 371.144104 34 
696.965881 365.003845 35 
586.233765 419.908203 36 
609.999451 413.176697 37 
633.069763 407.021332 38 
656.174194 401.057373 39 
680.002930 394.326935 40 
703.367432 388.173431 41 
592.972961 443.015900 42 
616.121521 436.192383 43 
639.437866 430.298889 44 
662.989502 423.998840 45 
686.152893 418.065216 46 
710.159790 411.341492 47 
599.026245 465.966766 48 
622.496155 460.076019 49 
646.052612 453.205292 50 
669.251709 447.269073 51 
693.030640 441.003174 52 
716.980164 435.036652 53 
605.213196 488.966248 54 
628.993896 482.934143 55 
652.083740 476.900543 56 
676.022827 470.165039 57 
699.198547 464.108734 58 
723.290588 458.120880 59 
