110.845329 172.446701 0 
132.094971 163.123581 1 
153.097305 154.144394 2 
174.118317 145.038040 3 
195.206528 136.062729 4 
216.281250 127.055367 5 
120.048187 193.135910 6 
141.074692 184.195526 7 
162.091141 175.205017 8 
183.202103 166.124268 9 
204.258896 157.199280 10 
225.295822 148.131348 11 
129.125732 214.382477 12 
150.174332 205.308380 13 
171.188416 196.263428 14 
192.278000 187.304214 15 
213.316910 178.319672 16 
234.373993 169.326035 17 
138.155640 235.500961 18 
159.177887 226.404999 19 
180.190689 217.384399 20 
201.223022 208.377136 21 
222.331085 199.378189 22 
243.328705 190.380112 23 
147.084595 257.137268 24 
168.121368 248.121521 25 
189.120895 239.057785 26 
210.205933 229.410416 27 
231.286224 220.482697 28 
252.218979 211.368423 29 
156.078217 278.149231 30 
177.157440 269.145599 31 
198.140823 260.064911 32 
219.092499 250.990234 33 
240.199570 242.130615 34 
261.276123 233.084686 35 
165.091141 299.205017 36 
186.200928 290.184998 37 
207.090714 281.180786 38 
228.200424 272.156311 39 
249.280151 263.139191 40 
270.302185 254.085312 41 
174.188416 320.263428 42 
195.174393 311.240723 43 
216.164413 302.257599 44 
237.194611 293.251068 45 
258.234802 284.235687 46 
279.259277 275.227905 47 
183.185150 341.286346 48 
204.188416 332.263428 49 
225.188416 323.263428 50 
246.260895 314.283539 51 
267.285431 305.276947 52 
288.345093 296.313202 53 
192.168198 362.335754 54 
213.176788 353.324982 55 
234.160126 344.301910 56 
255.209274 335.369019 57 
276.237488 326.419006 58 
297.311798 317.381561 59 
