126.754463 356.694000 0 
115.217957 340.150604 1 
104.228294 323.277527 2 
92.666344 307.476105 3 
81.399376 290.417023 4 
70.247238 274.270660 5 
143.174042 345.181183 6 
131.401855 328.794250 7 
120.200882 312.237244 8 
108.993744 295.985748 9 
97.530693 279.499451 10 
86.276466 263.198395 11 
159.406738 333.453094 12 
148.137787 317.115143 13 
136.396896 300.968811 14 
125.192245 284.228027 15 
114.050728 267.998718 16 
102.713432 251.611755 17 
176.117340 322.065796 18 
164.464951 305.449768 19 
153.156677 289.134949 20 
141.561203 272.577118 21 
130.345001 256.286011 22 
119.046387 240.068802 23 
192.312805 310.300659 24 
181.092743 294.028046 25 
169.425949 277.453094 26 
158.135284 261.169525 27 
146.506775 245.042847 28 
135.366898 228.356033 29 
208.753250 299.441193 30 
197.296417 282.328156 31 
185.998062 266.143280 32 
174.309326 250.098511 33 
163.231812 233.287521 34 
151.984619 217.037354 35 
225.266724 287.268097 36 
213.677628 271.483734 37 
202.306259 254.320404 38 
191.192337 238.192764 39 
179.525574 222.411972 40 
168.222839 206.150101 41 
241.983749 276.047241 42 
230.266083 259.303833 43 
219.101685 243.160721 44 
207.369553 227.122482 45 
196.325623 210.388412 46 
185.246765 194.320297 47 
258.369995 264.417633 48 
246.646317 248.446289 49 
235.237686 232.146912 50 
224.160919 215.283188 51 
212.462158 199.417664 52 
201.223129 183.185669 53 
274.401672 253.385925 54 
263.074158 237.090546 55 
251.434280 220.420486 56 
240.187057 204.224655 57 
228.704697 188.490448 58 
217.250549 172.225464 59 
