547.202332 525.227783 0 
525.315125 517.874878 1 
504.013306 510.061646 2 
482.822113 502.344940 3 
461.932526 495.012787 4 
440.990112 487.968994 5 
554.158813 504.126068 6 
532.903931 496.205139 7 
511.067627 489.026581 8 
490.149323 481.260529 9 
468.986328 474.101227 10 
448.507111 467.086609 11 
561.896301 482.251862 12 
540.051697 475.099854 13 
518.970154 467.936249 14 
497.316925 460.401855 15 
476.936371 453.120941 16 
456.002136 446.013763 17 
569.047913 461.018646 18 
547.457581 453.506805 19 
526.178406 446.219910 20 
505.012634 439.079865 21 
484.032410 432.118927 22 
463.527893 425.539948 23 
576.418884 439.276093 24 
554.985413 432.174164 25 
533.970337 425.012848 26 
512.613953 418.509491 27 
491.933472 411.122253 28 
470.980713 404.189423 29 
583.965820 418.290161 30 
562.169006 411.243744 31 
540.996887 404.156372 32 
520.015381 397.959259 33 
499.075043 390.974457 34 
478.134521 384.035645 35 
591.076721 397.342438 36 
569.200317 390.334473 37 
548.066284 383.992493 38 
527.258972 377.229675 39 
506.853058 370.409729 40 
485.989838 364.021851 41 
598.187927 376.467957 42 
576.901001 370.056885 43 
555.264587 363.171783 44 
534.921143 356.994049 45 
513.985413 350.016174 46 
493.035004 343.377289 47 
605.121704 356.013184 48 
583.971985 349.088165 49 
563.000122 342.999969 50 
542.007019 336.176910 51 
521.039185 329.991425 52 
500.187592 323.094696 53 
612.087830 335.473206 54 
590.946106 329.015442 55 
570.005371 322.998932 56 
548.952637 316.215881 57 
528.093384 310.081146 58 
507.258301 303.320435 59 
