184.502594 377.562805 0
187.665771 354.597809 1
191.038498 331.125702 2
194.023315 308.065277 3
197.041153 285.082977 4
200.114151 262.016479 5
207.973480 380.116302 6
211.031372 357.185028 7
214.163193 334.158142 8
217.180435 311.134399 9
220.159363 288.157013 10
223.269150 264.414307 11
231.058167 383.058167 12
234.202103 360.124268 13
237.178696 337.143555 14
240.086548 314.036469 15
243.296829 290.397034 16
246.337296 267.396515 17
254.185516 386.124512 18
257.128540 363.077911 19
260.086548 340.036469 20
263.320953 316.387787 21
266.356842 293.365143 22
269.409088 270.366028 23
277.109772 388.982300 24
280.087494 365.998993 25
283.210419 342.992157 26
286.525208 319.805023 27
289.520691 296.629333 28
292.722260 273.577789 29
300.213928 391.481262 30
303.296844 368.397034 31
306.387665 345.462738 32
309.629150 322.584167 33
312.775604 299.742706 34
316.059723 276.128448 35
323.167236 394.297119 36
326.323547 371.337402 37
329.320435 348.411530 38
332.564941 325.458160 39
335.709137 302.567749 40
339.059723 279.128448 41
346.248535 397.268433 42
349.266144 374.211517 43
352.378082 351.356201 44
355.500580 328.442810 45
358.637970 305.538025 46
362.034454 282.065857 47
369.193909 400.161469 48
372.265320 377.168488 49
375.257324 354.247711 50
378.366333 331.156189 51
381.628357 308.366974 52
385.046936 285.058716 53
392.049774 403.018097 54
395.036774 380.092285 55
398.229401 357.159424 56
401.284241 334.236176 57
404.351318 311.267609 58
407.597870 288.375610 59
232.268219 430.369354 60
229.053299 408.011871 61
225.440933 385.230835 62
222.095673 362.077362 63
218.514328 339.252075 64
215.167206 316.161560 65
255.377060 426.434723 66
252.120560 404.048431 67
248.593857 381.420502 68
245.197220 358.129700 69
241.959381 335.093933 70
238.153046 312.051270 71
278.340576 422.434723 72
275.094177 400.019012 73
271.527985 377.342529 74
268.184540 354.158264 75
265.067535 331.070435 76
261.187439 308.067902 77
301.348389 418.368530 78
298.120544 396.048431 79
294.621368 373.452850 80
291.225189 350.127991 81
288.037811 327.044006 82
284.264435 304.135956 83
324.362030 415.174957 84
321.184113 392.118500 85
317.716766 369.498016 86
314.295380 346.254272 87
311.048676 323.131378 88
307.446045 300.423218 89
347.242188 411.151489 90
344.091827 388.113556 91
340.671906 365.517426 92
337.336029 342.360046 93
334.144562 319.324219 94
330.650360 296.548523 95
370.165222 407.210114 96
367.041260 384.147186 97
363.416168 361.410065 98
360.266785 338.423553 99
357.065063 315.957642 100
353.356934 292.983948 101
393.124298 403.145813 102
389.720917 380.646210 103
386.319855 357.400238 104
383.087494 334.998993 105
380.012939 312.133118 106
376.382050 289.232605 107
415.902863 399.203522 108
412.385712 376.366302 109
409.300354 353.379211 110
406.127136 331.133942 111
402.941467 308.053864 112
399.476685 285.347321 113
438.362335 395.334869 114
435.218658 372.509796 115
432.048187 350.028107 116
428.927307 327.062439 117
425.429840 304.333801 118
422.325714 281.297180 119
414.011658 310.185181 120
390.119873 309.095490 121
366.288147 308.159424 122
342.987610 306.983002 123
319.285156 305.373962 124
295.495056 304.500031 125
414.991486 286.918030 126
391.333160 285.407013 127
367.760406 284.548462 128
344.045807 283.087311 129
320.301178 282.174591 130
297.001831 281.048950 131
416.083893 263.062775 132
392.370483 262.198669 133
369.065002 261.037018 134
345.140594 260.062134 135
321.354492 258.948914 136
298.170532 257.219116 137
417.285156 239.373962 138
393.608215 238.433365 139
370.171906 237.201843 140
346.308289 236.276276 141
323.046997 235.099396 142
299.191803 234.186813 143
418.264343 216.168869 144
395.073090 215.071091 145
371.186493 214.070267 146
347.351654 213.018906 147
324.100586 211.316910 148
300.478485 210.545654 149
419.371124 192.549576 150
396.094421 191.196838 151
372.331024 190.296127 152
349.064209 189.125809 153
325.194672 188.127533 154
301.578156 187.229736 155
420.578766 169.317932 156
397.114716 168.037338 157
373.330170 167.081512 158
350.066071 165.955048 159
326.212158 164.939301 160
303.080322 163.238602 161
422.075043 145.352844 162
398.335815 144.381531 163
375.050751 143.180923 164
351.253967 142.255585 165
327.626526 141.420197 166
304.125793 140.061600 167
423.083893 122.062775 168
399.449158 121.231949 169
376.090912 120.032822 170
352.190155 118.995483 171
329.066071 117.955055 172
305.281738 116.449196 173
424.120270 99.019745 174
400.513184 98.154312 175
377.247070 96.374763 176
353.525848 95.478760 177
330.272339 94.315865 178
306.615204 93.424812 179
415.500183 147.476456 180
408.441223 170.248169 181
401.419678 192.626755 182
394.468811 215.274261 183
387.488556 238.057053 184
380.963531 260.211151 185
393.039490 140.213425 186
386.105743 163.072922 187
379.066864 185.326309 188
372.053894 208.162048 189
365.082794 231.021225 190
358.270416 253.379166 191
370.230896 133.377579 192
363.191803 156.186813 193
356.256012 178.995453 194
349.380066 201.361542 195
342.409698 224.270615 196
335.473877 246.398026 197
347.742676 126.730980 198
341.046997 149.099396 199
333.992676 171.992676 200
327.029388 194.240692 201
320.080963 217.045914 202
313.256439 239.289459 203
325.217651 119.312958 204
318.229553 142.163208 205
311.160034 165.060623 206
304.274475 187.446396 207
297.244537 210.240448 208
290.512482 232.764450 209
302.513336 112.829857 210
295.556183 135.307877 211
288.465332 158.167282 212
282.000519 180.244827 213
275.060791 203.042343 214
268.124481 225.271988 215
280.070709 105.262344 216
273.090607 128.144302 217
266.141907 151.039459 218
259.274475 173.446396 219
252.231323 196.158890 220
245.462830 218.629578 221
257.444855 98.632462 222
250.371201 121.277626 223
243.425049 144.237091 224
236.697952 166.728485 225
229.971939 189.029648 226
223.029587 211.351868 227
235.019867 91.408699 228
228.075470 114.136658 229
221.069489 137.017380 230
214.156113 159.198990 231
207.112061 182.112381 232
200.238815 204.307343 233
212.140564 84.287582 234
205.319855 107.281944 235
198.106506 130.039047 236
191.435318 152.637421 237
184.508972 175.366257 238
177.619751 197.852478 239
420.168243 320.237183 240
397.130646 321.055054 241
374.160461 321.283478 242
351.148376 321.386475 243
328.221039 322.221863 244
305.199432 322.353882 245
419.556244 297.539032 246
396.431763 298.143921 247
373.550659 298.332703 248
350.556732 298.542999 249
327.922363 299.069092 250
304.690643 299.638214 251
419.279846 274.238770 252
396.195374 275.037415 253
373.258911 275.199280 254
350.286224 275.332428 255
327.296967 276.211853 256
304.344543 276.399841 257
419.078583 251.258545 258
396.070343 252.059647 259
373.093140 252.108887 260
350.070953 252.348465 261
327.092865 253.171417 262
304.089264 253.175583 263
418.388916 228.360138 264
395.362701 229.132629 265
372.399872 229.278595 266
349.399109 229.358963 267
326.384003 230.242523 268
303.398132 230.425949 269
418.163635 205.259964 270
395.199585 206.130615 271
372.217468 206.255035 272
349.218292 206.435852 273
326.174713 207.148712 274
303.190674 207.274872 275
417.996246 182.300964 276
394.868042 183.090500 277
372.055328 183.092941 278
348.977386 183.331558 279
325.976349 184.062912 280
302.981537 184.255920 281
417.388916 159.360138 282
394.330902 160.098404 283
371.331757 160.207901 284
348.355255 160.447098 285
325.309174 161.110748 286
302.324036 161.326553 287
417.242126 136.261002 288
394.211578 136.413025 289
371.174713 137.148712 290
348.185455 137.321213 291
325.108521 137.982635 292
302.143707 138.204163 293
416.978271 113.130753 294
393.927368 114.036461 295
370.905243 114.142494 296
347.654358 114.585808 297
324.556915 115.243698 298
301.598633 115.315826 299
449.145294 252.979355 300
428.140289 262.067230 301
406.979858 271.072449 302
385.422119 280.179749 303
364.357941 289.199921 304
343.278931 298.106079 305
440.218140 231.417908 306
419.158173 240.435638 307
398.036682 249.333176 308
376.505615 258.478241 309
355.347229 267.979553 310
334.202057 276.982117 311
431.308594 210.279984 312
410.185150 219.286331 313
389.074371 228.283676 314
367.600128 237.651230 315
346.446075 246.398163 316
325.275146 255.334473 317
422.268707 189.238724 318
401.143524 198.214661 319
380.061768 207.135498 320
358.552551 216.434982 321
337.379425 225.409531 322
316.337616 234.332184 323
413.200439 168.156296 324
392.157440 177.145615 325
370.981384 186.081940 326
349.436584 195.311829 327
328.362335 204.165390 328
307.297699 213.183243 329
404.183868 147.056870 330
383.108521 155.982635 331
361.864166 165.123962 332
340.445953 174.229797 333
319.324860 183.167984 334
298.258911 192.199280 335
395.219696 125.364182 336
374.102234 134.315063 337
352.962158 143.328522 338
331.380432 152.991898 339
310.276154 162.084122 340
289.125458 170.971603 341
386.259766 104.266853 342
365.163574 113.269325 343
344.046387 122.253807 344
322.450348 131.435043 345
301.342529 140.378342 346
280.275177 149.409714 347
377.200928 83.185005 348
356.115173 92.181709 349
334.972900 101.080078 350
313.406219 110.350266 351
292.358307 119.359222 352
271.294647 128.311630 353
368.159332 61.956837 354
347.153320 71.136826 355
325.913757 80.091064 356
304.387756 89.182068 357
283.300537 98.106903 358
262.287201 107.202644 359
427.028442 180.153519 360
417.058746 201.116989 361
407.240936 222.319519 362
397.330505 243.188828 363
387.512115 264.274323 364
378.089447 285.111511 365
406.067535 170.243988 366
396.185150 191.286331 367
386.390747 212.362961 368
376.520996 233.379486 369
367.118622 254.259171 370
357.296967 275.211853 371
385.202484 160.398422 372
375.394836 181.405991 373
365.854340 202.267990 374
356.148682 223.268234 375
346.384644 244.321182 376
336.981598 265.056519 377
364.186310 150.995605 378
354.876556 171.296005 379
345.221130 192.341995 380
335.394836 213.405991 381
326.007141 234.216293 382
316.234802 255.235687 383
343.457672 141.221985 384
334.133728 162.096146 385
324.214813 183.040787 386
314.649536 203.708466 387
305.162598 224.289307 388
295.452301 245.483185 389
323.093384 131.205887 390
313.259674 152.206451 391
303.384003 173.242523 392
294.087280 194.107117 393
284.323486 214.359558 394
275.121002 235.327545 395
302.312897 121.229156 396
292.467896 142.390823 397
283.115234 163.197311 398
273.334320 184.235092 399
263.992767 205.034134 400
254.248901 225.430222 401
281.524567 111.586891 402
272.168243 132.237183 403
262.385864 153.420425 404
253.009369 174.190216 405
243.283829 195.213654 406
233.958069 216.029297 407
261.144165 101.365952 408
251.246231 122.341377 409
241.755722 143.774689 410
232.223709 164.292084 411
222.944717 185.076569 412
213.241074 206.159164 413
240.242233 92.110954 414
230.970322 113.024223 415
221.295563 133.436844 416
211.928909 154.280884 417
202.270386 175.401611 418
192.983749 196.041214 419
369.059967 133.224686 420
370.491669 156.505096 421
372.130554 180.009445 422
374.108521 202.982635 423
375.914001 226.054749 424
377.214813 249.040787 425
346.013580 135.044174 426
347.346283 158.293198 427
349.278595 181.265060 428
351.098877 204.160187 429
352.678741 227.721344 430
354.324036 250.326553 431
322.346497 137.131714 432
324.251495 160.138306 433
326.174713 183.148712 434
328.036255 206.099045 435
329.507965 229.291489 436
331.279572 252.142517 437
299.258087 138.333557 438
301.191803 161.399918 439
303.102753 184.328979 440
304.649536 207.708466 441
306.423431 230.360641 442
308.281921 253.358810 443
276.259277 140.227905 444
278.132172 163.157959 445
280.040710 186.158432 446
281.592346 209.471970 447
283.357391 232.308945 448
285.234802 255.235687 449
253.171066 142.102066 450
254.985168 165.088760 451
257.053223 188.050720 452
258.404938 211.227203 453
260.360168 234.182892 454
262.254730 257.142426 455
230.153244 143.302734 456
232.002640 166.228104 457
233.585190 189.615860 458
235.480316 212.416626 459
237.329376 235.346130 460
239.279602 258.292969 461
207.043839 145.114975 462
208.675735 168.444809 463
210.584259 191.463989 464
212.353912 214.358902 465
214.277374 237.189728 466
216.231567 260.160309 467
183.527985 147.100067 468
185.491577 170.242371 469
187.265228 193.097504 470
189.251495 216.138306 471
191.233032 239.165421 472
193.219604 261.408447 473
160.417679 148.437012 474
162.415634 171.464767 475
164.281967 194.373596 476
166.283829 217.351685 477
168.285461 240.329880 478
170.207474 263.283478 479
184.342514 121.343681 480
205.238617 131.395523 481
226.099731 142.037216 482
247.150238 152.119080 483
267.983276 162.075134 484
288.772308 172.565735 485
174.188431 142.326401 486
195.207458 152.363785 487
216.012375 162.283417 488
237.052399 173.005371 489
257.936066 183.090576 490
278.524536 193.266083 491
164.183914 163.270935 492
185.103775 173.149521 493
205.987976 183.247650 494
226.546387 193.608429 495
247.322540 203.966965 496
268.242676 214.090332 497
154.031204 184.059509 498
174.863678 194.646774 499
195.723343 204.664703 500
216.489258 214.549347 501
237.352951 224.428787 502
258.143860 235.013687 503
143.627838 205.369186 504
164.672485 215.433578 505
185.428680 225.362839 506
206.392502 235.439346 507
227.336029 245.360062 508
248.251572 255.321716 509
133.361862 226.131958 510
154.316910 236.163361 511
175.262939 246.168533 512
196.283127 256.284119 513
217.267563 266.297028 514
238.285126 276.342804 515
123.278824 246.966171 516
144.195374 257.037415 517
165.197006 267.191437 518
186.258896 277.199280 519
207.197784 287.168091 520
228.150314 297.233765 521
113.215408 267.401825 522
134.095917 278.008820 523
155.123764 288.074158 524
176.151474 298.112488 525
197.014847 308.087219 526
218.034698 318.171753 527
103.139862 288.334747 528
124.155136 298.312103 529
145.049988 308.982666 530
166.022476 319.042297 531
186.940628 329.047119 532
207.525589 339.267975 533
93.052139 309.212555 534
113.976730 319.259857 535
134.880249 329.434998 536
155.555984 340.214417 537
176.437759 350.162811 538
197.353622 360.273285 539
124.578323 247.637787 540
142.044525 231.197159 541
159.203049 215.152267 542
176.439362 199.212646 543
194.068741 183.012161 544
211.111450 167.036057 545
140.986404 264.957611 546
158.211685 248.349838 547
175.454742 232.674881 548
192.971893 216.185440 549
210.083893 200.062775 550
227.135986 184.102676 551
157.148819 282.081909 552
174.250793 266.101044 553
191.534332 250.053802 554
209.113495 233.306046 555
226.299789 217.384964 556
243.504303 201.259018 557
173.294662 299.311646 558
190.504868 283.254730 559
208.065002 267.037018 560
225.086990 251.005875 561
242.322571 234.437256 562
259.581573 218.686890 563
189.402893 316.485016 564
206.757843 300.580994 565
224.045822 284.087311 566
241.231323 268.158875 567
258.392273 252.110077 568
275.974670 236.055679 569
205.336945 333.937286 570
223.056396 317.292847 571
240.289124 301.394928 572
257.280518 285.322540 573
274.599976 269.344452 574
292.056091 253.089203 575
221.474960 351.023102 576
239.051346 334.936707 577
256.257202 318.361938 578
273.411987 302.407104 579
290.729431 286.651611 580
308.061096 270.105927 581
238.059113 368.082123 582
255.092529 352.007263 583
272.141174 336.034515 584
289.324127 319.946045 585
306.993774 303.390137 586
324.147858 287.255524 587
254.112228 385.131348 588
271.191803 369.186798 589
288.282745 353.158905 590
305.670502 337.364899 591
323.048096 321.012146 592
340.067596 304.994965 593
270.164398 402.173859 594
287.244293 386.214355 595
304.355011 370.310822 596
322.037811 354.044006 597
339.031525 338.057251 598
356.154633 322.150146 599
384.259033 134.219345 600
382.309082 158.115707 601
380.704285 181.794662 602
379.012054 205.190796 603
377.114716 229.037338 604
375.160217 253.006226 605
360.911224 132.186005 606
359.057007 156.076508 607
357.090912 180.032822 608
355.281067 203.393173 609
353.438019 227.291504 610
352.041107 250.986465 611
337.087006 130.977112 612
335.333160 154.406998 613
333.461304 178.247955 614
331.971405 201.986282 615
330.154877 225.202927 616
328.220886 249.148163 617
313.366699 129.179413 618
311.553833 153.134033 619
310.086426 176.170944 620
308.191803 200.186813 621
306.190826 224.031036 622
304.688110 247.479599 623
290.089203 127.153931 624
288.092529 151.007263 625
286.196167 175.008545 626
284.678925 198.380890 627
283.057251 222.092987 628
281.108398 245.286392 629
266.288086 125.393303 630
264.488739 149.299942 631
263.003998 172.991013 632
261.166138 196.233124 633
259.225525 220.284302 634
257.243500 244.024200 635
242.964951 123.962212 636
241.108612 147.180466 637
239.191788 171.186813 638
237.319550 195.103622 639
236.050766 218.180923 640
234.091827 242.060562 641
219.191788 122.186806 642
217.292343 145.904907 643
216.001022 169.152435 644
214.094238 193.060745 645
212.280212 216.405243 646
210.399780 240.275040 647
195.724487 120.548080 648
194.104782 144.018753 649
192.292175 167.389450 650
190.294846 191.308319 651
188.573883 215.114227 652
187.100540 238.198517 653
172.159790 118.267403 654
170.390182 142.376328 655
168.974258 165.972244 656
167.061737 189.263153 657
165.213943 213.121353 658
163.384857 236.567657 659
316.347046 162.104156 660
327.114594 183.185760 661
337.444244 205.154236 662
348.134186 226.201202 663
359.019287 247.537506 664
369.191803 269.186798 665
295.134979 172.242828 666
305.392670 194.139526 667
316.144379 215.195038 668
326.975616 237.002640 669
337.191803 258.186798 670
348.101318 279.179382 671
273.392517 183.195190 672
284.133362 204.215881 673
295.001404 226.002716 674
305.337158 247.250656 675
316.099213 268.215424 676
326.440826 290.138733 677
252.210526 193.229858 678
263.009186 215.037827 679
273.421173 236.317993 680
284.167786 257.335846 681
294.474945 279.135498 682
305.191803 300.186798 683
230.995255 204.045471 684
241.385025 225.378204 685
252.087006 246.977112 686
262.598511 268.258423 687
273.271820 289.400940 688
284.015808 310.332520 689
209.383636 214.454758 690
220.090912 236.032822 691
230.616531 257.368988 692
241.292175 278.389465 693
252.072845 300.014954 694
262.461395 321.272736 695
188.092529 225.007263 696
198.701630 246.440552 697
209.320282 267.454041 698
220.049713 289.014374 699
230.616531 310.368988 700
241.289047 331.391296 701
166.667496 235.435730 702
177.229996 257.047668 703
188.108856 278.044189 704
198.725891 299.522797 705
209.281067 320.393188 706
219.997849 342.034119 707
145.237946 246.050720 708
156.063644 267.107605 709
166.815643 288.673187 710
177.198273 310.010101 711
188.079391 331.015656 712
198.564819 352.268433 713
124.080360 256.120148 714
135.055786 277.272949 715
145.349396 299.179749 716
156.166672 320.114990 717
167.005585 341.111206 718
177.368210 362.466156 719
