139.051544 322.116943 0 
137.134811 303.076843 1 
135.358261 284.082733 2 
134.029144 265.024567 3 
132.446701 246.036011 4 
131.019867 226.263336 5 
157.623566 320.474701 6 
155.775223 301.503510 7 
154.067459 282.076324 8 
152.339111 263.134308 9 
151.024765 243.966690 10 
149.498596 224.733231 11 
176.661255 318.580872 12 
174.791992 299.545349 13 
173.034790 280.077698 14 
171.116333 261.057556 15 
169.827927 241.687653 16 
168.137299 222.269623 17 
195.626572 316.642303 18 
193.624527 297.455017 19 
192.105240 278.221313 20 
190.124268 259.000519 21 
188.645782 239.659805 22 
187.062912 220.205368 23 
214.517258 314.598206 24 
212.679428 295.595062 25 
210.814590 276.507538 26 
208.979675 256.981018 27 
207.400818 237.583069 28 
205.872147 218.697235 29 
233.200287 313.015656 30 
231.703064 293.695313 31 
229.704697 274.490448 32 
228.020767 255.013733 33 
226.278885 235.427567 34 
224.884079 216.771500 35 
252.397400 311.053345 36 
250.778381 291.635956 37 
249.064331 272.112396 38 
247.204575 253.201950 39 
245.435883 233.589722 40 
244.105728 214.321747 41 
272.042725 308.991974 42 
270.168274 289.354858 43 
268.290985 270.386963 44 
266.470673 251.195831 45 
265.015167 231.289932 46 
263.191620 212.364365 47 
291.066528 307.035217 48 
289.353424 287.480957 49 
287.492432 268.475159 50 
285.470673 249.195831 51 
284.015167 229.289932 52 
282.144745 210.263962 53 
310.314728 305.200867 54 
308.451965 285.470306 55 
306.492432 266.475159 56 
304.512054 247.138046 57 
302.722076 227.488434 58 
301.081909 208.255814 59 
