288.708679 364.531158 0 
274.189423 383.123383 1 
259.696716 402.013824 2 
245.356491 420.195923 3 
231.099594 439.016754 4 
217.132324 457.188782 5 
270.111938 349.883484 6 
255.842255 368.796936 7 
241.248154 387.151367 8 
227.077682 405.936035 9 
213.082504 424.067474 10 
198.534927 442.972351 11 
251.591080 335.367798 12 
237.141174 354.034515 13 
223.143921 372.206757 14 
208.529465 391.299072 15 
194.440552 409.467590 16 
180.114029 428.048889 17 
233.229568 320.163208 18 
218.679733 339.322998 19 
204.366348 357.357758 20 
190.231308 376.203705 21 
176.096512 395.014496 22 
162.098770 413.176056 23 
215.085999 306.068756 24 
200.416580 324.458374 25 
186.229050 343.124908 26 
172.048553 361.992676 27 
158.168427 380.197845 28 
143.609100 398.952209 29 
197.170700 291.176331 30 
182.300797 310.199341 31 
168.182236 328.405945 32 
154.132324 347.188782 33 
139.659882 365.899292 34 
126.004753 384.190613 35 
178.648254 277.112701 36 
164.384827 295.436493 37 
150.171906 314.076111 38 
136.119736 332.361237 39 
122.021355 351.186676 40 
107.999268 369.993530 41 
160.657516 262.596558 42 
146.359589 281.204987 43 
132.268600 299.493103 44 
118.059052 318.101532 45 
103.956749 336.913330 46 
90.328835 355.283203 47 
143.209763 248.330078 48 
128.451218 267.171112 49 
114.424973 285.277313 50 
100.165344 303.950439 51 
86.463242 322.497803 52 
72.996704 341.040619 53 
126.168633 234.308105 54 
111.331932 253.193512 55 
97.173279 271.244965 56 
82.951759 289.953064 57 
69.520416 308.522522 58 
55.983990 326.999481 59 
