666.333191 317.361816 0 
681.983032 333.078247 1 
697.430542 349.046722 2 
713.030273 364.956726 3 
728.490601 380.872925 4 
744.010071 396.997375 5 
651.018005 332.169220 6 
666.292358 348.038116 7 
682.002686 363.974823 8 
697.216187 379.994263 9 
712.952759 396.008698 10 
728.140564 412.060455 11 
635.280762 347.548126 12 
650.968750 363.058075 13 
666.123718 379.165436 14 
681.436096 395.329559 15 
696.933350 410.966217 16 
712.223938 427.335907 17 
619.285706 362.583740 18 
635.015137 378.132019 19 
650.312134 394.351624 20 
665.461060 410.509003 21 
681.167358 426.323303 22 
696.333801 442.454193 23 
603.993530 377.987671 24 
618.976685 393.974060 25 
634.257263 409.482269 26 
649.646973 425.627228 27 
665.032166 441.299042 28 
680.388550 457.454956 29 
587.985352 392.996277 30 
603.104736 408.949219 31 
618.452820 424.898376 32 
634.008057 440.115540 33 
649.064758 456.314911 34 
664.405823 472.993713 35 
572.261780 407.898224 36 
587.978210 423.291962 37 
602.982178 439.249084 38 
617.981934 455.170563 39 
633.257874 471.393799 40 
648.880493 487.238770 41 
556.966858 422.996368 42 
571.993042 438.221619 43 
587.019287 454.160767 44 
602.022644 470.162750 45 
617.257874 486.393799 46 
632.411255 502.436188 47 
541.114075 437.306396 48 
556.153015 453.411865 49 
571.127686 469.127441 50 
586.130981 485.030548 51 
601.369812 501.282867 52 
616.677917 517.547729 53 
525.952271 452.030701 54 
540.980591 468.030182 55 
555.988159 483.987122 56 
570.989685 499.988464 57 
585.993530 515.987671 58 
600.995850 532.026184 59 
