516.440918 385.186371 0 
521.256775 362.364014 1 
525.895569 340.058350 2 
530.056885 318.059021 3 
535.214539 295.376984 4 
540.000610 273.170502 5 
538.177612 389.219849 6 
542.996033 367.025543 7 
547.248962 344.301605 8 
551.999451 322.106293 9 
556.948853 300.017487 10 
561.926086 277.211090 11 
559.991882 394.199158 12 
564.848755 371.334076 13 
569.267700 349.129150 14 
574.187805 326.326080 15 
579.025085 304.050446 16 
583.990479 281.332001 17 
582.230408 399.217743 18 
587.261475 376.240479 19 
592.053589 353.273834 20 
596.905457 331.136200 21 
601.323425 308.317474 22 
606.172852 286.098236 23 
605.131470 404.072418 24 
609.942810 381.033722 25 
614.903625 358.216248 26 
619.339905 335.404022 27 
624.094727 312.977509 28 
629.070740 290.131226 29 
627.991028 408.984680 30 
632.212158 385.939301 31 
637.196655 362.973572 32 
642.167542 340.119446 33 
647.098633 317.096924 34 
651.963562 294.088135 35 
650.310913 413.883514 36 
655.418762 390.520660 37 
660.296082 367.373077 38 
665.060791 345.034851 39 
670.014343 322.009888 40 
674.250000 298.960663 41 
673.977844 419.016235 42 
678.938416 395.114410 43 
683.475342 372.371796 44 
688.352173 349.390869 45 
693.089783 326.095734 46 
698.037415 303.154022 47 
697.048096 423.937927 48 
702.094177 400.083527 49 
707.089661 377.042725 50 
711.959412 354.078766 51 
716.174805 331.077118 52 
721.097290 308.025085 53 
720.334961 428.534668 54 
725.250854 405.256348 55 
730.137024 382.114471 56 
735.067200 358.992798 57 
739.958618 335.292328 58 
744.385620 312.140320 59 
