128.408585 359.344666 0 
135.189941 337.035797 1 
142.061722 314.121887 2 
149.036438 291.987091 3 
156.015305 269.131744 4 
162.970459 246.998093 5 
151.184799 366.175140 6 
158.025131 343.977692 7 
164.613464 321.398956 8 
171.287979 299.049072 9 
178.322357 276.272125 10 
185.309891 253.466888 11 
173.502655 373.349792 12 
180.177017 351.051147 13 
187.305786 328.349609 14 
194.098389 306.003937 15 
201.083893 283.062775 16 
208.103790 260.352203 17 
196.124390 380.122955 18 
203.067230 357.992798 19 
210.064209 335.125824 20 
216.623917 312.777832 21 
223.490402 290.296204 22 
230.361496 267.561707 23 
218.419083 387.288544 24 
225.216232 364.993317 25 
232.191788 342.186798 26 
239.126434 320.040405 27 
246.083893 297.062775 28 
253.099350 274.254456 29 
241.093292 394.048950 30 
248.082474 371.286316 31 
254.762817 349.508911 32 
261.605774 326.738708 33 
268.541748 304.310333 34 
275.476685 281.687195 35 
263.599976 401.344452 36 
270.387817 378.585663 37 
277.264343 356.168884 38 
284.280212 333.405243 39 
291.084808 311.074951 40 
298.107178 288.258087 41 
286.202087 408.124268 42 
293.153229 385.246613 43 
300.034454 363.065857 44 
306.647095 340.744995 45 
313.447662 318.198242 46 
320.421783 295.521698 47 
309.021515 415.035767 48 
315.560669 392.616882 49 
322.231323 370.158875 50 
329.194580 347.387817 51 
336.093292 325.048950 52 
343.166199 302.232544 53 
331.231323 422.158875 54 
338.244904 399.438568 55 
345.077362 377.073853 56 
351.956451 354.324249 57 
358.599060 332.194122 58 
365.493042 309.420807 59 
