138.355591 86.175156 0 
161.975128 86.300270 1 
185.302612 87.358894 2 
208.991455 88.349670 3 
232.172409 90.154846 4 
255.781250 91.565483 5 
137.201080 109.261162 6 
160.521317 110.407486 7 
184.083893 111.062775 8 
207.379593 112.201057 9 
231.104279 113.108597 10 
254.476486 114.457436 11 
136.054413 132.271317 12 
159.307632 133.457458 13 
182.494003 134.961136 14 
206.260498 135.390594 15 
229.453705 137.003021 16 
253.096329 138.058640 17 
134.407257 156.295242 18 
158.044052 157.109802 19 
181.347656 158.226196 20 
205.096970 159.076340 21 
228.332199 160.191330 22 
252.018295 161.170029 23 
133.294662 179.311630 24 
156.970734 180.182083 25 
180.306976 181.402237 26 
203.657349 182.666367 27 
227.317535 183.377304 28 
250.492157 184.770126 29 
132.080215 202.969620 30 
155.200485 203.992599 31 
179.038986 205.016113 32 
202.173080 206.085846 33 
226.070999 207.049927 34 
249.280029 208.215927 35 
130.703278 226.465500 36 
154.258499 227.329208 37 
177.539108 228.470474 38 
201.089813 229.095718 39 
224.503021 230.504028 40 
248.255096 231.288513 41 
129.149872 249.992706 42 
153.032562 250.982941 43 
176.144135 252.031036 44 
199.538544 253.061768 45 
223.096329 254.058640 46 
247.059708 255.059448 47 
128.278580 273.352570 48 
151.677856 274.573120 49 
175.137878 275.156982 50 
198.291000 276.312592 51 
222.054565 277.107330 52 
245.501160 278.408569 53 
127.027939 296.991699 54 
150.176178 298.080048 55 
173.436874 299.248047 56 
197.166977 300.046082 57 
220.426956 301.112579 58 
244.160126 302.118439 59 
