316.347046 162.104156 0 
327.114594 183.185760 1 
337.444244 205.154236 2 
348.134186 226.201202 3 
359.019287 247.537506 4 
369.191803 269.186798 5 
295.134979 172.242828 6 
305.392670 194.139526 7 
316.144379 215.195038 8 
326.975616 237.002640 9 
337.191803 258.186798 10 
348.101318 279.179382 11 
273.392517 183.195190 12 
284.133362 204.215881 13 
295.001404 226.002716 14 
305.337158 247.250656 15 
316.099213 268.215424 16 
326.440826 290.138733 17 
252.210526 193.229858 18 
263.009186 215.037827 19 
273.421173 236.317993 20 
284.167786 257.335846 21 
294.474945 279.135498 22 
305.191803 300.186798 23 
230.995255 204.045471 24 
241.385025 225.378204 25 
252.087006 246.977112 26 
262.598511 268.258423 27 
273.271820 289.400940 28 
284.015808 310.332520 29 
209.383636 214.454758 30 
220.090912 236.032822 31 
230.616531 257.368988 32 
241.292175 278.389465 33 
252.072845 300.014954 34 
262.461395 321.272736 35 
188.092529 225.007263 36 
198.701630 246.440552 37 
209.320282 267.454041 38 
220.049713 289.014374 39 
230.616531 310.368988 40 
241.289047 331.391296 41 
166.667496 235.435730 42 
177.229996 257.047668 43 
188.108856 278.044189 44 
198.725891 299.522797 45 
209.281067 320.393188 46 
219.997849 342.034119 47 
145.237946 246.050720 48 
156.063644 267.107605 49 
166.815643 288.673187 50 
177.198273 310.010101 51 
188.079391 331.015656 52 
198.564819 352.268433 53 
124.080360 256.120148 54 
135.055786 277.272949 55 
145.349396 299.179749 56 
156.166672 320.114990 57 
167.005585 341.111206 58 
177.368210 362.466156 59 
