451.186401 444.204956 0 
458.960999 423.015747 1 
465.979004 402.050751 2 
473.012146 381.193878 3 
479.995361 360.958710 4 
487.074310 340.212799 5 
472.003357 451.062653 6 
478.990295 429.987457 7 
485.975586 408.991974 8 
493.044037 387.988068 9 
500.102661 367.010895 10 
507.925903 346.991791 11 
492.323822 457.437927 12 
499.565826 436.577271 13 
506.967834 415.060913 14 
513.972473 394.139008 15 
521.006165 373.234100 16 
528.085083 353.071136 17 
513.337952 464.383179 18 
520.950867 443.081573 19 
527.957031 422.047699 20 
534.960693 401.011230 21 
542.018127 380.048187 22 
549.231567 359.394562 23 
534.988647 472.031097 24 
541.968811 450.101044 25 
549.030762 429.002167 26 
556.028748 407.972534 27 
563.101929 386.968658 28 
570.161438 366.003754 29 
555.984070 479.007690 30 
563.301819 457.298279 31 
570.262207 435.892853 32 
577.809814 414.413391 33 
584.335510 393.362122 34 
591.845703 372.281769 35 
577.926086 486.062408 36 
584.919800 464.144867 37 
591.966125 443.006012 38 
599.113220 421.367493 39 
605.980774 400.261047 40 
612.979187 379.014740 41 
599.369751 493.229828 42 
606.857483 471.232544 43 
613.958862 450.041626 44 
620.849243 428.281250 45 
627.380066 407.269318 46 
634.379578 385.404907 47 
621.319519 500.363770 48 
628.428955 478.443329 49 
635.354370 457.039124 50 
642.363586 435.350555 51 
649.206055 414.039825 52 
656.155823 392.225098 53 
643.167725 507.425262 54 
650.254456 485.464233 55 
657.216858 464.171844 56 
664.223694 442.292084 57 
671.008789 421.003357 58 
677.983765 399.000488 59 
