327.198669 348.227936 0 
316.995941 371.109924 1 
306.894897 394.694763 2 
296.595062 417.141846 3 
287.052551 439.156403 4 
277.017670 461.940094 5 
304.199463 337.867981 6 
294.013031 360.924408 7 
283.992004 383.966278 8 
274.119141 406.165436 9 
264.261963 429.015930 10 
255.019150 451.026123 11 
281.537323 327.458679 12 
271.296600 350.360809 13 
261.182770 373.202545 14 
251.189911 396.096100 15 
241.713776 418.541260 16 
232.285446 440.420349 17 
258.666534 316.620209 18 
248.618439 339.658905 19 
238.282440 362.297028 20 
228.840439 385.549225 21 
219.022247 407.956421 22 
209.637009 430.478516 23 
236.124435 306.150238 24 
226.017105 329.101471 25 
216.033615 352.057098 26 
206.167679 374.987396 27 
196.755005 397.555206 28 
187.164734 420.009583 29 
213.739716 296.027313 30 
203.643341 319.020996 31 
194.094147 341.341553 32 
184.152908 364.145233 33 
174.499573 387.181671 34 
165.269241 409.272400 35 
191.404556 285.443146 36 
181.397507 308.458679 37 
171.482834 331.407440 38 
162.023682 353.991486 39 
152.599792 376.568207 40 
143.188736 398.977936 41 
169.077805 275.048218 42 
159.142944 298.080505 43 
149.395340 320.989319 44 
140.159744 343.200592 45 
130.367386 366.091095 46 
121.402542 388.250458 47 
147.325729 265.056458 48 
137.248093 287.994598 49 
128.125900 310.169891 50 
118.256210 333.120270 51 
109.010620 355.932037 52 
100.100311 378.074158 53 
126.097198 255.080307 54 
116.123573 277.948181 55 
106.268410 300.183563 56 
97.145157 322.979858 57 
88.180862 345.303741 58 
79.089607 368.007935 59 
