532.918335 471.017426 0 
525.410645 449.391052 1 
518.261719 428.432831 2 
511.159027 407.240845 3 
503.967041 386.007355 4 
496.427612 364.403503 5 
554.019470 464.014282 6 
546.951599 443.063080 7 
539.326843 421.390747 8 
532.124451 400.109985 9 
525.112549 378.297577 10 
517.949890 357.072266 11 
575.036804 457.086578 12 
567.987915 436.037537 13 
560.915466 414.219574 14 
553.437622 393.250916 15 
546.411682 371.438049 16 
538.992554 350.003265 17 
596.571106 449.965607 18 
589.407654 428.497955 19 
582.243408 407.196350 20 
575.180054 385.277435 21 
567.923035 364.052094 22 
560.862549 342.305511 23 
618.011414 442.186890 24 
610.996704 421.067963 25 
603.970398 400.002167 26 
596.869934 378.186188 27 
589.192444 357.057617 28 
582.034241 335.065674 29 
639.222168 435.307922 30 
632.208740 414.256378 31 
625.226990 392.324677 32 
617.992004 371.034424 33 
610.827148 349.282318 34 
603.252747 327.439209 35 
660.942993 428.115234 36 
653.471008 406.497681 37 
646.301819 385.298279 38 
639.182800 363.412109 39 
632.011963 342.165833 40 
624.852417 320.275330 41 
682.022766 421.006653 42 
675.016846 399.200287 43 
667.930420 377.993713 44 
660.434021 356.416718 45 
653.305359 335.172119 46 
646.186218 313.232147 47 
703.336792 413.385132 48 
696.026917 392.027405 49 
689.043457 370.177216 50 
681.948608 349.008148 51 
674.990601 327.338074 52 
668.009766 306.008423 53 
724.259705 406.236115 54 
717.287292 384.430664 55 
710.019653 363.055817 56 
703.022461 341.358978 57 
695.982178 320.141449 58 
688.999939 298.343933 59 
