125.595139 344.381042 0 
135.020493 323.332947 1 
143.954193 303.128143 2 
153.255417 282.302826 3 
162.978546 262.018585 4 
172.385437 241.375717 5 
146.064850 354.051971 6 
155.245499 333.330780 7 
164.310333 313.280670 8 
173.991089 292.184265 9 
183.280899 271.379944 10 
193.014786 251.010254 11 
166.271271 364.242981 12 
175.521011 343.379486 13 
185.002975 323.036621 14 
194.288818 302.214722 15 
204.050720 281.335205 16 
213.184952 261.138428 17 
186.564835 374.199493 18 
196.146271 353.223755 19 
205.356094 332.401703 20 
214.995529 312.030304 21 
224.270676 291.310089 22 
233.638382 270.645538 23 
207.140518 383.407318 24 
216.334503 363.304199 25 
226.016312 342.298706 26 
235.248489 322.158447 27 
244.540329 301.445129 28 
254.233627 280.363617 29 
227.457581 393.506805 30 
236.962814 373.054993 31 
246.234177 352.259003 32 
255.468155 331.597351 33 
265.334320 311.235077 34 
275.018402 290.223083 35 
248.120987 403.327545 36 
257.295868 383.160889 37 
266.628479 362.636475 38 
276.133301 341.411194 39 
285.505005 321.284454 40 
295.318390 300.294586 41 
268.473022 413.451324 42 
278.001007 392.984222 43 
287.172699 372.265778 44 
296.376343 351.484924 45 
306.082794 331.135803 46 
315.571808 310.405640 47 
289.132477 423.295227 48 
298.253418 403.139587 49 
307.485809 382.406708 50 
317.140533 361.407318 51 
326.357666 341.204773 52 
336.194336 320.233765 53 
309.480682 433.397491 54 
318.992340 412.995239 55 
328.224701 392.307892 56 
337.462463 371.547577 57 
347.131134 351.109161 58 
356.916321 330.133881 59 
