430.295380 122.318047 0
427.350739 145.359116 1
424.257172 168.406921 2
421.168152 192.127487 3
417.904144 215.131866 4
414.354980 238.216171 5
407.408508 119.366089 6
404.306763 142.365784 7
401.223236 165.406860 8
398.143250 189.032745 9
395.053223 212.050720 10
391.387085 235.249054 11
384.239838 116.132835 12
381.269684 139.257935 13
378.195587 162.442307 14
375.048035 185.977051 15
371.543549 209.224594 16
368.424835 232.319016 17
361.184174 113.134857 18
358.202087 136.124268 19
355.186859 159.279129 20
352.041473 182.323120 21
348.502167 206.082184 22
345.513245 229.348526 23
338.112640 110.048645 24
335.202087 133.124268 25
332.051056 156.145966 26
328.973358 179.381256 27
325.453705 203.003021 28
322.484741 226.288330 29
315.169983 106.326210 30
312.035553 130.025558 31
309.020599 153.141708 32
305.942566 176.300339 33
302.342896 199.951691 34
299.295105 223.185379 35
292.025146 103.243797 36
288.496338 127.069870 37
285.733459 150.575134 38
282.921356 173.386658 39
279.363770 197.124939 40
276.264435 220.135956 41
268.590942 100.512405 42
265.253418 123.972809 43
262.395935 147.250336 44
259.599884 170.635971 45
256.324310 194.237503 46
253.264450 217.135956 47
245.294662 97.311638 48
242.195557 120.421494 49
239.213547 144.127136 50
236.337219 167.485291 51
233.128555 191.077927 52
230.219009 214.166977 53
222.055267 94.086266 54
219.108398 117.286385 55
216.091034 141.057007 56
213.254425 164.272720 57
210.056946 188.005798 58
207.040649 211.077423 59
399.154083 115.405869 60
402.191925 139.108887 61
405.631104 162.408401 62
409.202606 185.427658 63
412.196747 208.310669 64
415.202057 231.324142 65
376.001251 119.114243 66
379.271515 142.349487 67
382.460419 166.050964 68
386.077362 189.073868 69
389.247559 212.222794 70
392.240631 235.139725 71
352.496338 123.069870 72
356.083893 146.062775 73
359.360382 169.426727 74
362.981720 192.962280 75
366.088959 216.026688 76
369.149902 239.027466 77
329.467804 126.411911 78
332.992676 149.992676 79
336.240631 173.139725 80
339.710846 196.685547 81
343.158752 219.324234 82
346.241455 242.978851 83
306.207336 130.139313 84
309.773407 153.598175 85
313.129822 177.054077 86
316.380432 200.219391 87
320.125031 223.170731 88
323.325775 246.395706 89
283.087006 133.977112 90
286.398987 157.292099 91
290.044098 180.234116 92
293.194458 204.030899 93
297.049469 227.079132 94
300.160126 250.118423 95
259.758484 137.600296 96
263.126892 161.018005 97
267.037903 184.165573 98
270.338409 207.537918 99
274.009033 231.027771 100
277.181610 254.114258 101
236.270874 141.208893 102
240.017914 164.319351 103
243.406006 188.204163 104
247.270432 211.379166 105
250.441483 235.043930 106
254.101685 258.014191 107
212.998795 145.023148 108
216.501450 168.422821 109
220.143402 192.059006 110
224.084808 215.154800 111
227.332825 238.909531 112
231.036102 261.989777 113
189.353104 148.445557 114
193.090607 172.144302 115
197.029587 195.351868 116
200.590118 219.367767 117
204.285156 242.373962 118
207.447235 265.997589 119
138.355591 86.175156 120
162.042877 87.017639 121
185.302612 87.358894 122
208.564926 89.109566 123
232.172409 90.154846 124
255.781250 91.565483 125
137.201080 109.261162 126
160.521317 110.407486 127
184.083893 111.062775 128
207.379593 112.201057 129
231.104279 113.108597 130
254.476486 114.457436 131
136.054413 132.271317 132
159.307632 133.457458 133
182.646133 134.745544 134
206.260498 135.390594 135
229.453705 137.003021 136
253.096329 138.058640 137
134.407257 156.295242 138
158.044052 157.109802 139
181.347656 158.226196 140
205.096970 159.076340 141
228.332199 160.191330 142
252.018295 161.170029 143
133.294662 179.311630 144
156.751617 180.580246 145
180.306976 181.402237 146
203.657349 182.666367 147
227.317535 183.377304 148
250.492157 184.770126 149
132.080215 202.969620 150
155.200485 203.992599 151
179.038986 205.016113 152
202.173080 206.085846 153
226.070999 207.049927 154
249.280029 208.215927 155
130.703278 226.465500 156
154.258499 227.329208 157
177.539108 228.470474 158
201.089813 229.095718 159
224.503021 230.504028 160
248.255096 231.288513 161
129.149872 249.992706 162
153.032562 250.982941 163
176.144135 252.031036 164
200.005142 253.012100 165
223.096329 254.058640 166
247.059708 255.059448 167
128.278580 273.352570 168
151.677856 274.573120 169
175.137878 275.156982 170
198.291000 276.312592 171
222.054565 277.107330 172
245.501160 278.408569 173
127.027939 296.991699 174
150.176178 298.080048 175
173.436874 299.248047 176
197.166977 300.046082 177
220.426956 301.112579 178
244.160126 302.118439 179
128.408585 359.344666 180
135.189941 337.035797 181
142.061722 314.121887 182
149.036438 291.987091 183
156.015305 269.131744 184
162.970459 246.998093 185
151.184799 366.175140 186
158.025131 343.977692 187
164.613464 321.398956 188
171.287979 299.049072 189
178.322357 276.272125 190
185.309891 253.466888 191
173.502655 373.349792 192
180.177017 351.051147 193
187.305786 328.349609 194
194.098389 306.003937 195
201.083893 283.062775 196
208.003616 260.936890 197
196.124390 380.122955 198
203.067230 357.992798 199
210.064209 335.125824 200
216.623917 312.777832 201
223.490402 290.296204 202
230.361496 267.561707 203
218.419083 387.288544 204
225.216232 364.993317 205
232.191788 342.186798 206
239.126434 320.040405 207
246.083893 297.062775 208
253.099350 274.254456 209
241.093292 394.048950 210
248.082474 371.286316 211
254.762817 349.508911 212
261.605774 326.738708 213
268.541748 304.310333 214
275.476685 281.687195 215
263.599976 401.344452 216
270.387817 378.585663 217
277.264343 356.168884 218
284.280212 333.405243 219
291.084808 311.074951 220
298.107178 288.258087 221
286.202087 408.124268 222
293.153229 385.246613 223
300.034454 363.065857 224
306.647095 340.744995 225
313.447662 318.198242 226
320.421783 295.521698 227
309.021515 415.035767 228
315.560669 392.616882 229
322.231323 370.158875 230
329.194580 347.387817 231
336.093292 325.048950 232
343.166199 302.232544 233
331.231323 422.158875 234
338.206696 399.431244 235
345.083893 377.062775 236
351.955658 354.321747 237
358.599060 332.194122 238
365.493042 309.420807 239
136.347107 118.166916 240
159.359451 117.357239 241
182.394684 117.251022 242
205.364441 117.154335 243
228.559143 116.499306 244
251.583206 116.291267 245
136.832230 141.568802 246
159.984070 140.385986 247
183.030777 140.142563 248
206.070740 140.011276 249
229.182312 139.334030 250
252.197571 139.148285 251
137.248520 164.268448 252
160.091888 163.939316 253
183.297882 163.353989 254
206.281265 163.142624 255
229.373169 162.409836 256
252.339432 162.284851 257
137.438217 187.384140 258
160.436340 187.282532 259
183.568466 186.630920 260
206.631424 186.396500 261
229.955078 185.946365 262
253.005920 185.209793 263
138.152649 210.278931 264
161.169785 210.114410 265
184.147522 209.302780 266
207.202133 209.186722 267
230.056915 208.926254 268
253.173187 208.298416 269
138.328705 233.380112 270
161.344833 233.231033 271
184.431000 232.501984 272
207.315369 232.239441 273
230.305710 231.965012 274
253.371017 231.355850 275
139.001770 256.295441 276
162.011780 256.052368 277
185.070953 255.348465 278
208.066849 255.090820 279
231.117508 254.450592 280
254.080841 254.138718 281
139.212906 279.324951 282
162.234818 279.235687 283
185.211349 278.358582 284
208.258896 278.199280 285
231.150574 278.029144 286
254.322372 277.269409 287
139.610519 302.650574 288
162.631424 302.396484 289
185.570755 301.622589 290
208.597504 301.392059 291
231.468887 301.169983 292
254.621643 300.643127 293
140.248398 325.418457 294
163.246185 325.244049 295
186.106125 325.018860 296
209.160477 324.283478 297
232.157440 324.145599 298
255.163635 323.259949 299
110.845329 172.446701 300
132.094971 163.123581 301
153.097305 154.144394 302
174.118317 145.038040 303
195.206528 136.062729 304
216.281250 127.055367 305
120.048187 193.135910 306
141.074692 184.195526 307
162.091141 175.205017 308
183.202103 166.124268 309
204.258896 157.199280 310
225.295822 148.131348 311
129.125732 214.382477 312
150.174332 205.308380 313
171.188416 196.263428 314
192.278000 187.304214 315
213.316910 178.319672 316
234.373993 169.326035 317
138.155640 235.500961 318
159.177887 226.404999 319
180.190689 217.384399 320
201.223022 208.377136 321
222.331085 199.378189 322
243.328705 190.380112 323
147.084595 257.137268 324
168.121368 248.121521 325
189.120895 239.057785 326
210.135071 229.884888 327
231.286224 220.482697 328
252.218979 211.368423 329
156.078217 278.149231 330
177.157440 269.145599 331
198.140823 260.064911 332
219.092499 250.990234 333
240.199570 242.130615 334
261.276123 233.084686 335
165.091141 299.205017 336
186.200928 290.184998 337
207.090714 281.180786 338
228.200424 272.156311 339
249.280151 263.139191 340
270.302185 254.085312 341
174.188416 320.263428 342
195.174393 311.240723 343
216.164413 302.257599 344
237.194611 293.251068 345
258.234802 284.235687 346
279.259277 275.227905 347
183.185150 341.286346 348
204.188416 332.263428 349
225.188416 323.263428 350
246.260895 314.283539 351
267.285431 305.276947 352
288.345093 296.313202 353
192.168198 362.335754 354
213.176788 353.324982 355
234.160126 344.301910 356
255.209274 335.369019 357
276.237488 326.419006 358
297.311798 317.381561 359
125.595139 344.381042 360
135.020493 323.332947 361
143.954193 303.128143 362
153.255417 282.302826 363
162.978546 262.018585 364
172.385437 241.375717 365
146.064850 354.051971 366
155.245499 333.330780 367
164.310333 313.280670 368
173.991089 292.184265 369
183.280899 271.379944 370
193.014786 251.010254 371
166.271271 364.242981 372
175.521011 343.379486 373
185.002975 323.036621 374
194.288818 302.214722 375
204.050720 281.335205 376
213.184952 261.138428 377
186.564835 374.199493 378
196.146271 353.223755 379
205.356094 332.401703 380
214.995529 312.030304 381
224.270676 291.310089 382
234.038086 270.335999 383
207.140518 383.407318 384
216.334503 363.304199 385
226.016312 342.298706 386
235.248489 322.158447 387
244.540329 301.445129 388
254.233627 280.363617 389
227.457581 393.506805 390
236.962814 373.054993 391
246.234177 352.259003 392
255.468155 331.597351 393
265.334320 311.235077 394
275.018402 290.223083 395
248.120987 403.327545 396
257.295868 383.160889 397
266.628479 362.636475 398
276.133301 341.411194 399
285.505005 321.284454 400
295.318390 300.294586 401
268.473022 413.451324 402
278.001007 392.984222 403
287.172699 372.265778 404
296.376343 351.484924 405
306.082794 331.135803 406
315.571808 310.405640 407
289.132477 423.295227 408
298.343292 402.421021 409
307.485809 382.406708 410
317.140533 361.407318 411
326.357666 341.204773 412
336.194336 320.233765 413
309.480682 433.397491 414
318.992340 412.995239 415
328.224701 392.307892 416
337.462463 371.547577 417
347.131134 351.109161 418
356.916321 330.133881 419
183.993988 426.036011 420
182.127350 403.422363 421
180.082336 381.221497 422
178.143387 358.292999 423
176.151688 335.422424 424
174.161484 313.078491 425
207.053543 424.205475 426
204.967728 402.079926 427
203.080627 379.260590 428
201.129349 357.065399 429
199.193710 334.145081 430
197.259277 311.227905 431
229.532394 423.392670 432
228.067612 400.201111 433
226.035141 378.017242 434
224.205154 355.189545 435
222.271912 332.250366 436
220.274628 309.310303 437
252.445969 421.468994 438
250.580292 399.202423 439
249.079681 376.178253 440
247.139252 353.256989 441
245.138779 331.141083 442
243.252686 308.225067 443
275.215363 419.931885 444
273.418457 397.412018 445
271.611725 374.699127 446
270.065308 352.076660 447
268.178436 329.248016 448
266.252441 306.318298 449
298.225250 418.256073 450
296.351959 395.325073 451
294.414368 373.201874 452
292.986298 350.168549 453
291.144745 327.276123 454
289.188232 305.107941 455
321.160675 416.282074 456
319.271515 394.152588 457
317.470306 371.497467 458
315.432739 349.173279 459
314.085541 326.179077 460
312.234802 303.235687 461
344.137787 415.004791 462
342.259857 392.206573 463
340.356598 370.169861 464
338.510315 347.386963 465
337.084961 324.307037 466
335.192871 301.317810 467
367.151489 413.223938 468
365.245514 390.365723 469
363.296204 368.280029 470
361.461609 345.378937 471
359.986115 323.095245 472
358.200439 300.156311 473
390.057068 411.358368 474
388.230804 389.252869 475
386.235199 366.292114 476
384.444519 344.261505 477
382.961060 321.261688 478
381.165314 298.360504 479
347.100372 432.091675 480
326.182312 422.101471 481
305.300537 412.106903 482
284.373779 402.182556 483
263.444336 392.172363 484
242.961731 381.392365 485
357.051941 411.076752 486
336.262939 401.168518 487
315.405640 391.115112 488
294.572937 381.299103 489
273.947815 371.019440 490
253.113739 361.049927 491
367.258911 390.199280 492
346.298279 380.156403 493
325.612671 370.421326 494
305.037811 360.044006 495
284.170532 350.083099 496
263.184540 340.158264 497
377.309723 369.279266 498
356.406494 359.293121 499
336.049438 349.101593 500
315.124268 339.159729 501
294.220856 329.191864 502
273.297699 319.183258 503
387.375305 348.393097 504
366.619781 338.661041 505
346.089569 328.266663 506
325.185150 318.286346 507
304.235718 308.247009 508
283.322449 298.313416 509
397.345001 328.116577 510
376.546387 317.608429 511
356.084930 308.011017 512
335.195709 297.405762 513
314.296265 287.378540 514
293.311157 277.392883 515
407.490173 307.204987 516
386.934265 297.055145 517
366.157440 287.145599 518
345.178528 277.056488 519
324.266022 267.023254 520
303.491669 256.505096 521
417.939087 286.122620 522
397.090424 276.145508 523
376.234802 266.235687 524
355.264435 256.135956 525
334.431824 246.229202 526
313.925354 235.994186 527
428.080841 265.138733 528
407.251068 255.263489 529
386.258911 245.199280 530
365.368774 235.281998 531
344.647278 225.330856 532
324.023834 215.085663 533
438.151123 244.302292 534
417.280365 234.287781 535
396.340240 224.290573 536
375.646576 214.516327 537
355.020386 204.109222 538
334.202087 194.124268 539
479.226257 207.004837 540
462.147003 222.998749 541
445.115967 239.026718 542
428.026459 255.058502 543
410.746338 271.416016 544
393.258057 287.136047 545
463.506744 189.450317 546
446.326935 205.404068 547
429.257202 221.361954 548
412.048737 237.983398 549
394.449738 254.044891 550
377.177002 270.051147 551
447.508423 172.305573 552
430.260803 188.269028 553
413.231140 204.251297 554
396.065613 220.235535 555
378.694336 236.681320 556
361.409912 252.529022 557
431.414246 155.073349 558
414.205078 171.069672 559
397.160126 187.118423 560
380.052765 203.139267 561
362.550537 219.383041 562
345.286133 235.282791 563
415.568665 137.574387 564
398.269165 153.414322 565
381.087006 170.005875 566
364.061005 185.978104 567
346.591217 202.216568 568
329.251831 218.193100 569
399.442932 120.336884 570
382.313446 136.254791 571
365.182434 152.250107 572
348.013245 168.333786 573
330.305084 185.036407 574
313.131989 201.063263 575
383.383881 103.206451 576
366.196289 119.120750 577
349.093292 135.048950 578
332.020172 151.185410 579
314.546692 167.572464 580
297.270416 183.379166 581
367.333008 85.402031 582
350.272888 101.350754 583
333.050995 117.984299 584
316.019592 134.028915 585
298.381195 150.260544 586
281.160492 166.086365 587
351.231323 68.158890 588
334.116760 84.205223 589
317.021088 100.186111 590
299.409790 116.898659 591
282.143402 133.056488 592
265.069092 149.031128 593
335.143402 51.058998 594
317.995361 67.001389 595
300.985046 83.060875 596
283.401031 99.295303 597
266.256653 115.386787 598
249.029587 131.351868 599
151.211441 405.999603 600
153.136978 382.179199 601
154.245056 359.010040 602
156.158371 335.084625 603
158.130554 311.230896 604
160.032166 288.051941 605
174.662262 407.704865 606
176.231323 384.158875 607
178.141388 360.176025 608
179.538773 337.111115 609
181.414398 313.437042 610
183.204117 290.008820 611
198.313446 409.355164 612
200.074722 386.021820 613
201.630264 362.479584 614
203.151474 339.034851 615
205.093292 315.048950 616
207.085464 291.191437 617
221.825470 411.626160 618
223.216232 387.993317 619
225.202103 364.124268 620
227.098480 340.232117 621
228.449173 317.231964 622
230.281479 293.313934 623
245.231308 413.203705 624
247.115601 389.248657 625
248.516800 366.269958 626
250.293961 342.287201 627
252.082809 319.020111 628
253.609680 295.329559 629
268.692780 415.344940 630
270.404602 391.349274 631
272.082794 368.021240 632
274.047791 344.130005 633
275.573975 320.954254 634
277.210968 297.168304 635
292.174438 417.033844 636
294.128204 393.114807 637
295.361237 370.043304 638
297.191803 346.186798 639
299.069336 322.243530 640
301.033661 299.011627 641
316.025146 418.977692 642
317.390259 395.287567 643
319.278015 371.319000 644
320.523315 348.217072 645
322.310181 324.225922 646
324.230896 300.377594 647
339.431152 420.568420 648
341.081360 397.048889 649
342.745087 373.546692 650
344.168427 350.007385 651
346.083893 326.062775 652
348.058807 302.193146 653
363.117737 422.212311 654
364.529236 399.088074 655
366.226410 375.182220 656
368.079071 351.324738 657
369.402222 328.146698 658
371.273010 304.194366 659
253.382355 513.304932 660
243.052704 492.234894 661
232.260498 471.390594 662
221.464783 450.711548 663
211.177094 429.229889 664
200.477615 408.452332 665
274.625977 503.402863 666
264.089508 482.049774 667
253.429291 461.283722 668
243.045822 440.087311 669
232.210983 419.168304 670
222.055099 398.010193 671
296.046112 492.998383 672
285.183380 472.003571 673
275.023834 450.995331 674
264.148651 430.016266 675
253.379120 408.969604 676
243.118149 387.292480 677
317.224731 482.306580 678
306.569031 461.649536 679
296.125702 440.316406 680
285.388184 419.367615 681
275.017181 398.138611 682
264.315765 377.338776 683
338.294647 472.311646 684
327.973389 451.159149 685
317.294647 430.311646 686
306.638153 409.404999 687
296.091644 388.101379 688
285.505371 367.275482 689
359.499603 462.349304 690
349.095367 441.056519 691
338.357086 420.240601 692
328.110413 399.074615 693
317.183380 378.003571 694
307.023895 356.331299 695
381.019348 452.002808 696
370.260498 430.390594 697
359.976013 410.027802 698
349.143402 389.058990 699
338.572021 367.561798 700
328.175446 346.133331 701
402.170044 441.190399 702
391.578735 420.506226 703
381.085205 399.242462 704
370.423676 378.494171 705
360.060577 357.112305 706
349.244537 336.240448 707
423.321228 431.237152 708
413.105804 410.072662 709
402.328796 389.254272 710
391.999695 368.119934 711
381.191803 347.186798 712
371.001404 326.002716 713
444.972626 420.373108 714
434.113983 400.012787 715
424.050354 378.973206 716
413.111938 358.012970 717
402.436279 337.035889 718
392.173340 315.207214 719
