253.382355 513.304932 0 
243.052704 492.234894 1 
232.260498 471.390594 2 
221.464783 450.711548 3 
211.177094 429.229889 4 
200.477615 408.452332 5 
274.625977 503.402863 6 
264.089508 482.049774 7 
253.429291 461.283722 8 
243.045822 440.087311 9 
232.210983 419.168304 10 
222.055099 398.010193 11 
296.046112 492.998383 12 
285.183380 472.003571 13 
275.023834 450.995331 14 
264.148651 430.016266 15 
253.379120 408.969604 16 
243.118149 387.292480 17 
317.224731 482.306580 18 
306.569031 461.649536 19 
296.125702 440.316406 20 
285.388184 419.367615 21 
275.017181 398.138611 22 
264.315765 377.338776 23 
338.294647 472.311646 24 
327.973389 451.159149 25 
317.294647 430.311646 26 
306.638153 409.404999 27 
296.091644 388.101379 28 
285.505371 367.275482 29 
359.499603 462.349304 30 
349.095367 441.056519 31 
338.357086 420.240601 32 
328.110413 399.074615 33 
317.183380 378.003571 34 
307.023895 356.331299 35 
381.019348 452.002808 36 
370.260498 430.390594 37 
359.976013 410.027802 38 
349.143402 389.058990 39 
338.572021 367.561798 40 
328.175446 346.133331 41 
402.170044 441.190399 42 
391.578735 420.506226 43 
381.085205 399.242462 44 
370.423676 378.494171 45 
360.060577 357.112305 46 
349.244537 336.240448 47 
423.321228 431.237152 48 
413.105804 410.072662 49 
402.328796 389.254272 50 
391.999695 368.119934 51 
381.191803 347.186798 52 
371.001404 326.002716 53 
444.972626 420.373108 54 
434.113983 400.012787 55 
424.050354 378.973206 56 
413.111938 358.012970 57 
402.436279 337.035889 58 
392.173340 315.207214 59 
