430.295380 122.318047 0 
427.350739 145.359116 1 
424.257172 168.406921 2 
421.168152 192.127487 3 
417.904144 215.131866 4 
414.354980 238.216171 5 
407.408508 119.366089 6 
404.306763 142.365784 7 
401.223236 165.406860 8 
398.143250 189.032745 9 
395.053223 212.050720 10 
391.387085 235.249054 11 
384.239838 116.132835 12 
381.269684 139.257935 13 
378.195587 162.442307 14 
375.048035 185.977051 15 
371.543549 209.224594 16 
368.424835 232.319016 17 
361.184174 113.134857 18 
358.202087 136.124268 19 
355.186859 159.279129 20 
352.041473 182.323120 21 
348.502167 206.082184 22 
345.513245 229.348526 23 
338.112640 110.048645 24 
335.202087 133.124268 25 
332.051056 156.145966 26 
328.973358 179.381256 27 
325.453705 203.003021 28 
322.484741 226.288330 29 
315.169983 106.326210 30 
312.035553 130.025558 31 
309.020599 153.141708 32 
305.942566 176.300339 33 
302.342896 199.951691 34 
299.295105 223.185379 35 
292.025146 103.243797 36 
288.496338 127.069870 37 
285.733459 150.575134 38 
282.921356 173.386658 39 
279.363770 197.124939 40 
276.264435 220.135956 41 
268.590942 100.512405 42 
265.253418 123.972809 43 
262.395935 147.250336 44 
259.599884 170.635971 45 
256.324310 194.237503 46 
253.264450 217.135956 47 
245.294662 97.311638 48 
242.195557 120.421494 49 
239.213547 144.127136 50 
236.337219 167.485291 51 
233.128555 191.077927 52 
230.219009 214.166977 53 
222.055267 94.086266 54 
219.108398 117.286385 55 
216.091034 141.057007 56 
213.254425 164.272720 57 
210.056946 188.005798 58 
207.040649 211.077423 59 
