136.347107 118.166916 0 
159.359451 117.357239 1 
182.381409 117.331505 2 
205.364441 117.154335 3 
228.558945 116.568535 4 
251.574326 116.286774 5 
136.832230 141.568802 6 
159.984070 140.385986 7 
183.030777 140.142563 8 
206.070740 140.011276 9 
229.182312 139.334030 10 
252.197571 139.148285 11 
137.248520 164.268448 12 
160.091888 163.939316 13 
183.297882 163.353989 14 
206.281265 163.142624 15 
229.373169 162.409836 16 
252.339432 162.284851 17 
137.438217 187.384140 18 
160.436340 187.282532 19 
183.568466 186.630920 20 
206.631424 186.396500 21 
229.635376 185.982208 22 
253.005920 185.209793 23 
138.152649 210.278931 24 
161.169785 210.114410 25 
184.147522 209.302780 26 
207.202133 209.186722 27 
230.056915 208.926254 28 
253.173187 208.298416 29 
138.328705 233.380112 30 
161.344833 233.231033 31 
184.431000 232.501984 32 
207.315369 232.239441 33 
230.305710 231.965012 34 
253.371017 231.355850 35 
139.001770 256.295441 36 
162.011780 256.052368 37 
185.070953 255.348465 38 
208.066849 255.090820 39 
231.064972 254.947342 40 
254.080841 254.138718 41 
139.212906 279.324951 42 
162.234818 279.235687 43 
185.211349 278.358582 44 
208.258896 278.199280 45 
231.150574 278.029144 46 
254.322372 277.269409 47 
139.610519 302.650574 48 
162.631424 302.396484 49 
185.570755 301.622589 50 
208.597504 301.392059 51 
231.468887 301.169983 52 
254.621643 300.643127 53 
140.248398 325.418457 54 
163.246185 325.244049 55 
186.106125 325.018860 56 
209.160477 324.283478 57 
232.157440 324.145599 58 
255.163635 323.259949 59 
