556.435852 322.770325 123.400466
531.683105 322.595001 126.013649
506.850037 322.356903 133.227046
482.033020 322.095428 144.377103
457.624756 322.060364 158.572226
556.590820 298.913269 99.543627
531.733765 298.691437 102.750385
506.720093 298.393341 111.548892
557.079895 274.955994 75.581798
531.907166 274.774017 79.812752
506.933685 274.516968 90.902286
481.743988 274.364594 107.016428
456.944122 274.249054 125.846693
557.282410 250.074234 50.699742
532.072998 249.916748 56.843415
481.432587 249.472977 91.579671
456.445282 249.330185 113.261896
532.146179 224.870804 36.376382
506.641327 224.653503 57.328173
481.071777 224.396774 80.986885
456.011505 224.196396 105.059604
557.694763 224.760895 25.383045
532.574158 199.149536 25.525220
506.901855 198.929993 51.198459
481.273132 198.568680 76.829490
455.421570 198.364731 102.681788
556.677673 346.184814 146.810631
532.135620 346.139221 149.036978
458.562927 345.667908 176.938233
481.873260 298.270233 124.857238
457.095245 298.158569 141.274978
506.764740 249.706406 71.887258
507.691376 345.909851 154.956601
482.841919 345.686035 164.525601
558.098328 199.381058 0.000000
