856.407532 732.662170 1
697.538940 668.146057 2
942.782410 598.880920 3
123.405426 531.345642 4
1043.769531 497.845428 5
1079.207153 490.238403 6
1099.059937 468.034821 7
1065.932373 460.016785 8
261.302643 429.239441 9
207.192307 411.018463 10
1080.974854 511.421448 11
1111.249023 500.384094 12
1090.844116 500.166779 13
1100.943359 489.060577 14
1046.201172 482.179474 15
1067.838867 481.005035 16
1089.150879 479.126068 17
1110.931519 477.975555 18
1056.066772 471.068420 19
1077.925659 469.364349 20
1120.979370 466.409760 21
1023.124207 463.100220 22
1044.997192 461.337280 23
1087.720825 458.207764 24
1109.009888 456.964172 25
1130.993286 455.372894 26
1076.082764 448.281860 27
1097.710327 447.067505 28
1119.080811 445.356384 29
1064.159790 439.134552 30
1061.104248 397.212250 31
1085.024414 342.148865 32
50.308628 939.236023 33
1069.179565 501.342285 34
1035.070435 472.354645 35
1086.082764 437.281860 36
1107.227417 436.092712 37
1129.182129 434.153076 38
1074.055420 428.048401 39
1041.070068 420.032013 40
1084.094971 416.334564 41
1072.801880 407.042664 42
1049.321655 388.166870 43
1080.487427 375.197784 44
214.316147 57.658741 45
666.812256 33.752728 46
201.751587 631.028748 47
138.288361 501.395172 48
1057.915771 491.952454 49
987.026550 470.505432 50
130.341293 472.527344 51
126.943085 458.125610 52
142.520111 455.049194 53
1012.104919 453.134125 54
158.542725 451.658295 55
1054.744141 450.146423 56
1141.059204 444.055664 57
1001.050598 443.415680 58
1043.082764 440.281860 59
1010.236938 432.312347 60
1031.862305 430.996765 61
1053.131104 429.203613 62
1117.256470 424.331848 63
1105.838257 414.971710 64
1127.712036 413.192261 65
1030.034546 410.077393 66
1039.801880 399.042664 67
1082.080322 396.034149 68
1070.887451 386.295898 69
153.874802 560.610291 70
170.243958 556.394165 71
149.922989 545.311340 72
165.957367 541.992004 73
248.402237 537.350281 74
182.058029 538.106873 75
145.996368 530.999695 76
142.092651 516.075562 77
158.057022 512.272034 78
174.082108 508.980316 79
154.174393 498.100433 80
134.052048 487.170013 81
150.378586 483.453400 82
146.537094 469.411774 83
162.160156 466.026123 84
1033.077515 452.103790 85
239.502060 449.355713 86
174.234589 448.265839 87
190.052444 445.078735 88
1021.961975 442.072021 89
205.157043 442.158813 90
1020.172241 421.177185 91
1062.833618 418.275543 92
1115.979370 403.409760 93
1104.115112 394.151062 94
46.334141 906.752625 95
1150.492554 568.550110 96
185.985748 553.034546 97
201.998322 549.028076 98
217.579712 545.404968 99
198.009735 534.686646 100
162.133820 527.112976 101
244.426544 523.365417 102
178.200516 523.191589 103
259.605072 519.559143 104
193.503937 520.083862 105
209.468796 516.256531 106
240.315628 509.046875 107
190.099197 505.936462 108
205.360382 501.488922 109
170.353806 494.409119 110
186.005081 491.027740 111
201.367142 487.382874 112
166.295563 480.253784 113
247.371140 477.480988 114
182.210846 476.457703 115
197.374466 473.293243 116
212.987411 470.005646 117
1153.711182 461.263550 118
178.298172 462.417572 119
193.586273 459.423035 120
208.988266 456.012329 121
220.491333 438.536163 122
235.349213 435.416534 123
1150.915649 432.976013 124
1095.746338 426.165985 125
1051.131104 408.203613 126
1059.055420 376.970581 127
1069.022217 365.221924 128
1061.867676 554.680786 129
233.327026 541.309082 130
263.776489 534.030273 131
213.526276 530.545227 132
228.993805 526.972290 133
225.221893 512.353577 134
255.386520 505.357208 135
221.096451 498.098083 136
236.256561 494.943115 137
251.324203 491.379730 138
216.997391 483.962280 139
232.328018 480.397552 140
228.278198 466.303558 141
243.269318 463.216003 142
224.168472 452.345886 143
1139.220825 423.134003 144
1094.085938 405.165619 145
1092.095459 384.329010 146
837.372498 475.005402 147
