0.000000 0.000000 0.000000 0
0.000000 30.000000 0.000000 1
0.000000 60.000000 0.000000 2
0.000000 90.000000 0.000000 3
0.000000 120.000000 0.000000 4
0.000000 150.000000 0.000000 5
30.000000 0.000000 0.000000 6
30.000000 30.000000 0.000000 7
30.000000 60.000000 0.000000 8
30.000000 90.000000 0.000000 9
30.000000 120.000000 0.000000 10
30.000000 150.000000 0.000000 11
60.000000 0.000000 0.000000 12
60.000000 30.000000 0.000000 13
60.000000 60.000000 0.000000 14
60.000000 90.000000 0.000000 15
60.000000 120.000000 0.000000 16
60.000000 150.000000 0.000000 17
90.000000 0.000000 0.000000 18
90.000000 30.000000 0.000000 19
90.000000 60.000000 0.000000 20
90.000000 90.000000 0.000000 21
90.000000 120.000000 0.000000 22
90.000000 150.000000 0.000000 23
120.000000 0.000000 0.000000 24
120.000000 30.000000 0.000000 25
120.000000 60.000000 0.000000 26
120.000000 90.000000 0.000000 27
120.000000 120.000000 0.000000 28
120.000000 150.000000 0.000000 29
150.000000 0.000000 0.000000 30
150.000000 30.000000 0.000000 31
150.000000 60.000000 0.000000 32
150.000000 90.000000 0.000000 33
150.000000 120.000000 0.000000 34
150.000000 150.000000 0.000000 35
180.000000 0.000000 0.000000 36
180.000000 30.000000 0.000000 37
180.000000 60.000000 0.000000 38
180.000000 90.000000 0.000000 39
180.000000 120.000000 0.000000 40
180.000000 150.000000 0.000000 41
210.000000 0.000000 0.000000 42
210.000000 30.000000 0.000000 43
210.000000 60.000000 0.000000 44
210.000000 90.000000 0.000000 45
210.000000 120.000000 0.000000 46
210.000000 150.000000 0.000000 47
240.000000 0.000000 0.000000 48
240.000000 30.000000 0.000000 49
240.000000 60.000000 0.000000 50
240.000000 90.000000 0.000000 51
240.000000 120.000000 0.000000 52
240.000000 150.000000 0.000000 53
270.000000 0.000000 0.000000 54
270.000000 30.000000 0.000000 55
270.000000 60.000000 0.000000 56
270.000000 90.000000 0.000000 57
270.000000 120.000000 0.000000 58
270.000000 150.000000 0.000000 59
0.000000 0.000000 0.000000 60
0.000000 30.000000 0.000000 61
0.000000 60.000000 0.000000 62
0.000000 90.000000 0.000000 63
0.000000 120.000000 0.000000 64
0.000000 150.000000 0.000000 65
30.000000 0.000000 0.000000 66
30.000000 30.000000 0.000000 67
30.000000 60.000000 0.000000 68
30.000000 90.000000 0.000000 69
30.000000 120.000000 0.000000 70
30.000000 150.000000 0.000000 71
60.000000 0.000000 0.000000 72
60.000000 30.000000 0.000000 73
60.000000 60.000000 0.000000 74
60.000000 90.000000 0.000000 75
60.000000 120.000000 0.000000 76
60.000000 150.000000 0.000000 77
90.000000 0.000000 0.000000 78
90.000000 30.000000 0.000000 79
90.000000 60.000000 0.000000 80
90.000000 90.000000 0.000000 81
90.000000 120.000000 0.000000 82
90.000000 150.000000 0.000000 83
120.000000 0.000000 0.000000 84
120.000000 30.000000 0.000000 85
120.000000 60.000000 0.000000 86
120.000000 90.000000 0.000000 87
120.000000 120.000000 0.000000 88
120.000000 150.000000 0.000000 89
150.000000 0.000000 0.000000 90
150.000000 30.000000 0.000000 91
150.000000 60.000000 0.000000 92
150.000000 90.000000 0.000000 93
150.000000 120.000000 0.000000 94
150.000000 150.000000 0.000000 95
180.000000 0.000000 0.000000 96
180.000000 30.000000 0.000000 97
180.000000 60.000000 0.000000 98
180.000000 90.000000 0.000000 99
180.000000 120.000000 0.000000 100
180.000000 150.000000 0.000000 101
210.000000 0.000000 0.000000 102
210.000000 30.000000 0.000000 103
210.000000 60.000000 0.000000 104
210.000000 90.000000 0.000000 105
210.000000 120.000000 0.000000 106
210.000000 150.000000 0.000000 107
240.000000 0.000000 0.000000 108
240.000000 30.000000 0.000000 109
240.000000 60.000000 0.000000 110
240.000000 90.000000 0.000000 111
240.000000 120.000000 0.000000 112
240.000000 150.000000 0.000000 113
270.000000 0.000000 0.000000 114
270.000000 30.000000 0.000000 115
270.000000 60.000000 0.000000 116
270.000000 90.000000 0.000000 117
270.000000 120.000000 0.000000 118
270.000000 150.000000 0.000000 119
0.000000 0.000000 0.000000 120
0.000000 30.000000 0.000000 121
0.000000 60.000000 0.000000 122
0.000000 90.000000 0.000000 123
0.000000 120.000000 0.000000 124
0.000000 150.000000 0.000000 125
30.000000 0.000000 0.000000 126
30.000000 30.000000 0.000000 127
30.000000 60.000000 0.000000 128
30.000000 90.000000 0.000000 129
30.000000 120.000000 0.000000 130
30.000000 150.000000 0.000000 131
60.000000 0.000000 0.000000 132
60.000000 30.000000 0.000000 133
60.000000 60.000000 0.000000 134
60.000000 90.000000 0.000000 135
60.000000 120.000000 0.000000 136
60.000000 150.000000 0.000000 137
90.000000 0.000000 0.000000 138
90.000000 30.000000 0.000000 139
90.000000 60.000000 0.000000 140
90.000000 90.000000 0.000000 141
90.000000 120.000000 0.000000 142
90.000000 150.000000 0.000000 143
120.000000 0.000000 0.000000 144
120.000000 30.000000 0.000000 145
120.000000 60.000000 0.000000 146
120.000000 90.000000 0.000000 147
120.000000 120.000000 0.000000 148
120.000000 150.000000 0.000000 149
150.000000 0.000000 0.000000 150
150.000000 30.000000 0.000000 151
150.000000 60.000000 0.000000 152
150.000000 90.000000 0.000000 153
150.000000 120.000000 0.000000 154
150.000000 150.000000 0.000000 155
180.000000 0.000000 0.000000 156
180.000000 30.000000 0.000000 157
180.000000 60.000000 0.000000 158
180.000000 90.000000 0.000000 159
180.000000 120.000000 0.000000 160
180.000000 150.000000 0.000000 161
210.000000 0.000000 0.000000 162
210.000000 30.000000 0.000000 163
210.000000 60.000000 0.000000 164
210.000000 90.000000 0.000000 165
210.000000 120.000000 0.000000 166
210.000000 150.000000 0.000000 167
240.000000 0.000000 0.000000 168
240.000000 30.000000 0.000000 169
240.000000 60.000000 0.000000 170
240.000000 90.000000 0.000000 171
240.000000 120.000000 0.000000 172
240.000000 150.000000 0.000000 173
270.000000 0.000000 0.000000 174
270.000000 30.000000 0.000000 175
270.000000 60.000000 0.000000 176
270.000000 90.000000 0.000000 177
270.000000 120.000000 0.000000 178
270.000000 150.000000 0.000000 179
0.000000 0.000000 0.000000 180
0.000000 30.000000 0.000000 181
0.000000 60.000000 0.000000 182
0.000000 90.000000 0.000000 183
0.000000 120.000000 0.000000 184
0.000000 150.000000 0.000000 185
30.000000 0.000000 0.000000 186
30.000000 30.000000 0.000000 187
30.000000 60.000000 0.000000 188
30.000000 90.000000 0.000000 189
30.000000 120.000000 0.000000 190
30.000000 150.000000 0.000000 191
60.000000 0.000000 0.000000 192
60.000000 30.000000 0.000000 193
60.000000 60.000000 0.000000 194
60.000000 90.000000 0.000000 195
60.000000 120.000000 0.000000 196
60.000000 150.000000 0.000000 197
90.000000 0.000000 0.000000 198
90.000000 30.000000 0.000000 199
90.000000 60.000000 0.000000 200
90.000000 90.000000 0.000000 201
90.000000 120.000000 0.000000 202
90.000000 150.000000 0.000000 203
120.000000 0.000000 0.000000 204
120.000000 30.000000 0.000000 205
120.000000 60.000000 0.000000 206
120.000000 90.000000 0.000000 207
120.000000 120.000000 0.000000 208
120.000000 150.000000 0.000000 209
150.000000 0.000000 0.000000 210
150.000000 30.000000 0.000000 211
150.000000 60.000000 0.000000 212
150.000000 90.000000 0.000000 213
150.000000 120.000000 0.000000 214
150.000000 150.000000 0.000000 215
180.000000 0.000000 0.000000 216
180.000000 30.000000 0.000000 217
180.000000 60.000000 0.000000 218
180.000000 90.000000 0.000000 219
180.000000 120.000000 0.000000 220
180.000000 150.000000 0.000000 221
210.000000 0.000000 0.000000 222
210.000000 30.000000 0.000000 223
210.000000 60.000000 0.000000 224
210.000000 90.000000 0.000000 225
210.000000 120.000000 0.000000 226
210.000000 150.000000 0.000000 227
240.000000 0.000000 0.000000 228
240.000000 30.000000 0.000000 229
240.000000 60.000000 0.000000 230
240.000000 90.000000 0.000000 231
240.000000 120.000000 0.000000 232
240.000000 150.000000 0.000000 233
270.000000 0.000000 0.000000 234
270.000000 30.000000 0.000000 235
270.000000 60.000000 0.000000 236
270.000000 90.000000 0.000000 237
270.000000 120.000000 0.000000 238
270.000000 150.000000 0.000000 239
0.000000 0.000000 0.000000 240
0.000000 30.000000 0.000000 241
0.000000 60.000000 0.000000 242
0.000000 90.000000 0.000000 243
0.000000 120.000000 0.000000 244
0.000000 150.000000 0.000000 245
30.000000 0.000000 0.000000 246
30.000000 30.000000 0.000000 247
30.000000 60.000000 0.000000 248
30.000000 90.000000 0.000000 249
30.000000 120.000000 0.000000 250
30.000000 150.000000 0.000000 251
60.000000 0.000000 0.000000 252
60.000000 30.000000 0.000000 253
60.000000 60.000000 0.000000 254
60.000000 90.000000 0.000000 255
60.000000 120.000000 0.000000 256
60.000000 150.000000 0.000000 257
90.000000 0.000000 0.000000 258
90.000000 30.000000 0.000000 259
90.000000 60.000000 0.000000 260
90.000000 90.000000 0.000000 261
90.000000 120.000000 0.000000 262
90.000000 150.000000 0.000000 263
120.000000 0.000000 0.000000 264
120.000000 30.000000 0.000000 265
120.000000 60.000000 0.000000 266
120.000000 90.000000 0.000000 267
120.000000 120.000000 0.000000 268
120.000000 150.000000 0.000000 269
150.000000 0.000000 0.000000 270
150.000000 30.000000 0.000000 271
150.000000 60.000000 0.000000 272
150.000000 90.000000 0.000000 273
150.000000 120.000000 0.000000 274
150.000000 150.000000 0.000000 275
180.000000 0.000000 0.000000 276
180.000000 30.000000 0.000000 277
180.000000 60.000000 0.000000 278
180.000000 90.000000 0.000000 279
180.000000 120.000000 0.000000 280
180.000000 150.000000 0.000000 281
210.000000 0.000000 0.000000 282
210.000000 30.000000 0.000000 283
210.000000 60.000000 0.000000 284
210.000000 90.000000 0.000000 285
210.000000 120.000000 0.000000 286
210.000000 150.000000 0.000000 287
240.000000 0.000000 0.000000 288
240.000000 30.000000 0.000000 289
240.000000 60.000000 0.000000 290
240.000000 90.000000 0.000000 291
240.000000 120.000000 0.000000 292
240.000000 150.000000 0.000000 293
270.000000 0.000000 0.000000 294
270.000000 30.000000 0.000000 295
270.000000 60.000000 0.000000 296
270.000000 90.000000 0.000000 297
270.000000 120.000000 0.000000 298
270.000000 150.000000 0.000000 299
0.000000 0.000000 0.000000 300
0.000000 30.000000 0.000000 301
0.000000 60.000000 0.000000 302
0.000000 90.000000 0.000000 303
0.000000 120.000000 0.000000 304
0.000000 150.000000 0.000000 305
30.000000 0.000000 0.000000 306
30.000000 30.000000 0.000000 307
30.000000 60.000000 0.000000 308
30.000000 90.000000 0.000000 309
30.000000 120.000000 0.000000 310
30.000000 150.000000 0.000000 311
60.000000 0.000000 0.000000 312
60.000000 30.000000 0.000000 313
60.000000 60.000000 0.000000 314
60.000000 90.000000 0.000000 315
60.000000 120.000000 0.000000 316
60.000000 150.000000 0.000000 317
90.000000 0.000000 0.000000 318
90.000000 30.000000 0.000000 319
90.000000 60.000000 0.000000 320
90.000000 90.000000 0.000000 321
90.000000 120.000000 0.000000 322
90.000000 150.000000 0.000000 323
120.000000 0.000000 0.000000 324
120.000000 30.000000 0.000000 325
120.000000 60.000000 0.000000 326
120.000000 90.000000 0.000000 327
120.000000 120.000000 0.000000 328
120.000000 150.000000 0.000000 329
150.000000 0.000000 0.000000 330
150.000000 30.000000 0.000000 331
150.000000 60.000000 0.000000 332
150.000000 90.000000 0.000000 333
150.000000 120.000000 0.000000 334
150.000000 150.000000 0.000000 335
180.000000 0.000000 0.000000 336
180.000000 30.000000 0.000000 337
180.000000 60.000000 0.000000 338
180.000000 90.000000 0.000000 339
180.000000 120.000000 0.000000 340
180.000000 150.000000 0.000000 341
210.000000 0.000000 0.000000 342
210.000000 30.000000 0.000000 343
210.000000 60.000000 0.000000 344
210.000000 90.000000 0.000000 345
210.000000 120.000000 0.000000 346
210.000000 150.000000 0.000000 347
240.000000 0.000000 0.000000 348
240.000000 30.000000 0.000000 349
240.000000 60.000000 0.000000 350
240.000000 90.000000 0.000000 351
240.000000 120.000000 0.000000 352
240.000000 150.000000 0.000000 353
270.000000 0.000000 0.000000 354
270.000000 30.000000 0.000000 355
270.000000 60.000000 0.000000 356
270.000000 90.000000 0.000000 357
270.000000 120.000000 0.000000 358
270.000000 150.000000 0.000000 359
0.000000 0.000000 0.000000 360
0.000000 30.000000 0.000000 361
0.000000 60.000000 0.000000 362
0.000000 90.000000 0.000000 363
0.000000 120.000000 0.000000 364
0.000000 150.000000 0.000000 365
30.000000 0.000000 0.000000 366
30.000000 30.000000 0.000000 367
30.000000 60.000000 0.000000 368
30.000000 90.000000 0.000000 369
30.000000 120.000000 0.000000 370
30.000000 150.000000 0.000000 371
60.000000 0.000000 0.000000 372
60.000000 30.000000 0.000000 373
60.000000 60.000000 0.000000 374
60.000000 90.000000 0.000000 375
60.000000 120.000000 0.000000 376
60.000000 150.000000 0.000000 377
90.000000 0.000000 0.000000 378
90.000000 30.000000 0.000000 379
90.000000 60.000000 0.000000 380
90.000000 90.000000 0.000000 381
90.000000 120.000000 0.000000 382
90.000000 150.000000 0.000000 383
120.000000 0.000000 0.000000 384
120.000000 30.000000 0.000000 385
120.000000 60.000000 0.000000 386
120.000000 90.000000 0.000000 387
120.000000 120.000000 0.000000 388
120.000000 150.000000 0.000000 389
150.000000 0.000000 0.000000 390
150.000000 30.000000 0.000000 391
150.000000 60.000000 0.000000 392
150.000000 90.000000 0.000000 393
150.000000 120.000000 0.000000 394
150.000000 150.000000 0.000000 395
180.000000 0.000000 0.000000 396
180.000000 30.000000 0.000000 397
180.000000 60.000000 0.000000 398
180.000000 90.000000 0.000000 399
180.000000 120.000000 0.000000 400
180.000000 150.000000 0.000000 401
210.000000 0.000000 0.000000 402
210.000000 30.000000 0.000000 403
210.000000 60.000000 0.000000 404
210.000000 90.000000 0.000000 405
210.000000 120.000000 0.000000 406
210.000000 150.000000 0.000000 407
240.000000 0.000000 0.000000 408
240.000000 30.000000 0.000000 409
240.000000 60.000000 0.000000 410
240.000000 90.000000 0.000000 411
240.000000 120.000000 0.000000 412
240.000000 150.000000 0.000000 413
270.000000 0.000000 0.000000 414
270.000000 30.000000 0.000000 415
270.000000 60.000000 0.000000 416
270.000000 90.000000 0.000000 417
270.000000 120.000000 0.000000 418
270.000000 150.000000 0.000000 419
0.000000 0.000000 0.000000 420
0.000000 30.000000 0.000000 421
0.000000 60.000000 0.000000 422
0.000000 90.000000 0.000000 423
0.000000 120.000000 0.000000 424
0.000000 150.000000 0.000000 425
30.000000 0.000000 0.000000 426
30.000000 30.000000 0.000000 427
30.000000 60.000000 0.000000 428
30.000000 90.000000 0.000000 429
30.000000 120.000000 0.000000 430
30.000000 150.000000 0.000000 431
60.000000 0.000000 0.000000 432
60.000000 30.000000 0.000000 433
60.000000 60.000000 0.000000 434
60.000000 90.000000 0.000000 435
60.000000 120.000000 0.000000 436
60.000000 150.000000 0.000000 437
90.000000 0.000000 0.000000 438
90.000000 30.000000 0.000000 439
90.000000 60.000000 0.000000 440
90.000000 90.000000 0.000000 441
90.000000 120.000000 0.000000 442
90.000000 150.000000 0.000000 443
120.000000 0.000000 0.000000 444
120.000000 30.000000 0.000000 445
120.000000 60.000000 0.000000 446
120.000000 90.000000 0.000000 447
120.000000 120.000000 0.000000 448
120.000000 150.000000 0.000000 449
150.000000 0.000000 0.000000 450
150.000000 30.000000 0.000000 451
150.000000 60.000000 0.000000 452
150.000000 90.000000 0.000000 453
150.000000 120.000000 0.000000 454
150.000000 150.000000 0.000000 455
180.000000 0.000000 0.000000 456
180.000000 30.000000 0.000000 457
180.000000 60.000000 0.000000 458
180.000000 90.000000 0.000000 459
180.000000 120.000000 0.000000 460
180.000000 150.000000 0.000000 461
210.000000 0.000000 0.000000 462
210.000000 30.000000 0.000000 463
210.000000 60.000000 0.000000 464
210.000000 90.000000 0.000000 465
210.000000 120.000000 0.000000 466
210.000000 150.000000 0.000000 467
240.000000 0.000000 0.000000 468
240.000000 30.000000 0.000000 469
240.000000 60.000000 0.000000 470
240.000000 90.000000 0.000000 471
240.000000 120.000000 0.000000 472
240.000000 150.000000 0.000000 473
270.000000 0.000000 0.000000 474
270.000000 30.000000 0.000000 475
270.000000 60.000000 0.000000 476
270.000000 90.000000 0.000000 477
270.000000 120.000000 0.000000 478
270.000000 150.000000 0.000000 479
0.000000 0.000000 0.000000 480
0.000000 30.000000 0.000000 481
0.000000 60.000000 0.000000 482
0.000000 90.000000 0.000000 483
0.000000 120.000000 0.000000 484
0.000000 150.000000 0.000000 485
30.000000 0.000000 0.000000 486
30.000000 30.000000 0.000000 487
30.000000 60.000000 0.000000 488
30.000000 90.000000 0.000000 489
30.000000 120.000000 0.000000 490
30.000000 150.000000 0.000000 491
60.000000 0.000000 0.000000 492
60.000000 30.000000 0.000000 493
60.000000 60.000000 0.000000 494
60.000000 90.000000 0.000000 495
60.000000 120.000000 0.000000 496
60.000000 150.000000 0.000000 497
90.000000 0.000000 0.000000 498
90.000000 30.000000 0.000000 499
90.000000 60.000000 0.000000 500
90.000000 90.000000 0.000000 501
90.000000 120.000000 0.000000 502
90.000000 150.000000 0.000000 503
120.000000 0.000000 0.000000 504
120.000000 30.000000 0.000000 505
120.000000 60.000000 0.000000 506
120.000000 90.000000 0.000000 507
120.000000 120.000000 0.000000 508
120.000000 150.000000 0.000000 509
150.000000 0.000000 0.000000 510
150.000000 30.000000 0.000000 511
150.000000 60.000000 0.000000 512
150.000000 90.000000 0.000000 513
150.000000 120.000000 0.000000 514
150.000000 150.000000 0.000000 515
180.000000 0.000000 0.000000 516
180.000000 30.000000 0.000000 517
180.000000 60.000000 0.000000 518
180.000000 90.000000 0.000000 519
180.000000 120.000000 0.000000 520
180.000000 150.000000 0.000000 521
210.000000 0.000000 0.000000 522
210.000000 30.000000 0.000000 523
210.000000 60.000000 0.000000 524
210.000000 90.000000 0.000000 525
210.000000 120.000000 0.000000 526
210.000000 150.000000 0.000000 527
240.000000 0.000000 0.000000 528
240.000000 30.000000 0.000000 529
240.000000 60.000000 0.000000 530
240.000000 90.000000 0.000000 531
240.000000 120.000000 0.000000 532
240.000000 150.000000 0.000000 533
270.000000 0.000000 0.000000 534
270.000000 30.000000 0.000000 535
270.000000 60.000000 0.000000 536
270.000000 90.000000 0.000000 537
270.000000 120.000000 0.000000 538
270.000000 150.000000 0.000000 539
0.000000 0.000000 0.000000 540
0.000000 30.000000 0.000000 541
0.000000 60.000000 0.000000 542
0.000000 90.000000 0.000000 543
0.000000 120.000000 0.000000 544
0.000000 150.000000 0.000000 545
30.000000 0.000000 0.000000 546
30.000000 30.000000 0.000000 547
30.000000 60.000000 0.000000 548
30.000000 90.000000 0.000000 549
30.000000 120.000000 0.000000 550
30.000000 150.000000 0.000000 551
60.000000 0.000000 0.000000 552
60.000000 30.000000 0.000000 553
60.000000 60.000000 0.000000 554
60.000000 90.000000 0.000000 555
60.000000 120.000000 0.000000 556
60.000000 150.000000 0.000000 557
90.000000 0.000000 0.000000 558
90.000000 30.000000 0.000000 559
90.000000 60.000000 0.000000 560
90.000000 90.000000 0.000000 561
90.000000 120.000000 0.000000 562
90.000000 150.000000 0.000000 563
120.000000 0.000000 0.000000 564
120.000000 30.000000 0.000000 565
120.000000 60.000000 0.000000 566
120.000000 90.000000 0.000000 567
120.000000 120.000000 0.000000 568
120.000000 150.000000 0.000000 569
150.000000 0.000000 0.000000 570
150.000000 30.000000 0.000000 571
150.000000 60.000000 0.000000 572
150.000000 90.000000 0.000000 573
150.000000 120.000000 0.000000 574
150.000000 150.000000 0.000000 575
180.000000 0.000000 0.000000 576
180.000000 30.000000 0.000000 577
180.000000 60.000000 0.000000 578
180.000000 90.000000 0.000000 579
180.000000 120.000000 0.000000 580
180.000000 150.000000 0.000000 581
210.000000 0.000000 0.000000 582
210.000000 30.000000 0.000000 583
210.000000 60.000000 0.000000 584
210.000000 90.000000 0.000000 585
210.000000 120.000000 0.000000 586
210.000000 150.000000 0.000000 587
240.000000 0.000000 0.000000 588
240.000000 30.000000 0.000000 589
240.000000 60.000000 0.000000 590
240.000000 90.000000 0.000000 591
240.000000 120.000000 0.000000 592
240.000000 150.000000 0.000000 593
270.000000 0.000000 0.000000 594
270.000000 30.000000 0.000000 595
270.000000 60.000000 0.000000 596
270.000000 90.000000 0.000000 597
270.000000 120.000000 0.000000 598
270.000000 150.000000 0.000000 599
0.000000 0.000000 0.000000 600
0.000000 30.000000 0.000000 601
0.000000 60.000000 0.000000 602
0.000000 90.000000 0.000000 603
0.000000 120.000000 0.000000 604
0.000000 150.000000 0.000000 605
30.000000 0.000000 0.000000 606
30.000000 30.000000 0.000000 607
30.000000 60.000000 0.000000 608
30.000000 90.000000 0.000000 609
30.000000 120.000000 0.000000 610
30.000000 150.000000 0.000000 611
60.000000 0.000000 0.000000 612
60.000000 30.000000 0.000000 613
60.000000 60.000000 0.000000 614
60.000000 90.000000 0.000000 615
60.000000 120.000000 0.000000 616
60.000000 150.000000 0.000000 617
90.000000 0.000000 0.000000 618
90.000000 30.000000 0.000000 619
90.000000 60.000000 0.000000 620
90.000000 90.000000 0.000000 621
90.000000 120.000000 0.000000 622
90.000000 150.000000 0.000000 623
120.000000 0.000000 0.000000 624
120.000000 30.000000 0.000000 625
120.000000 60.000000 0.000000 626
120.000000 90.000000 0.000000 627
120.000000 120.000000 0.000000 628
120.000000 150.000000 0.000000 629
150.000000 0.000000 0.000000 630
150.000000 30.000000 0.000000 631
150.000000 60.000000 0.000000 632
150.000000 90.000000 0.000000 633
150.000000 120.000000 0.000000 634
150.000000 150.000000 0.000000 635
180.000000 0.000000 0.000000 636
180.000000 30.000000 0.000000 637
180.000000 60.000000 0.000000 638
180.000000 90.000000 0.000000 639
180.000000 120.000000 0.000000 640
180.000000 150.000000 0.000000 641
210.000000 0.000000 0.000000 642
210.000000 30.000000 0.000000 643
210.000000 60.000000 0.000000 644
210.000000 90.000000 0.000000 645
210.000000 120.000000 0.000000 646
210.000000 150.000000 0.000000 647
240.000000 0.000000 0.000000 648
240.000000 30.000000 0.000000 649
240.000000 60.000000 0.000000 650
240.000000 90.000000 0.000000 651
240.000000 120.000000 0.000000 652
240.000000 150.000000 0.000000 653
270.000000 0.000000 0.000000 654
270.000000 30.000000 0.000000 655
270.000000 60.000000 0.000000 656
270.000000 90.000000 0.000000 657
270.000000 120.000000 0.000000 658
270.000000 150.000000 0.000000 659
0.000000 0.000000 0.000000 660
0.000000 30.000000 0.000000 661
0.000000 60.000000 0.000000 662
0.000000 90.000000 0.000000 663
0.000000 120.000000 0.000000 664
0.000000 150.000000 0.000000 665
30.000000 0.000000 0.000000 666
30.000000 30.000000 0.000000 667
30.000000 60.000000 0.000000 668
30.000000 90.000000 0.000000 669
30.000000 120.000000 0.000000 670
30.000000 150.000000 0.000000 671
60.000000 0.000000 0.000000 672
60.000000 30.000000 0.000000 673
60.000000 60.000000 0.000000 674
60.000000 90.000000 0.000000 675
60.000000 120.000000 0.000000 676
60.000000 150.000000 0.000000 677
90.000000 0.000000 0.000000 678
90.000000 30.000000 0.000000 679
90.000000 60.000000 0.000000 680
90.000000 90.000000 0.000000 681
90.000000 120.000000 0.000000 682
90.000000 150.000000 0.000000 683
120.000000 0.000000 0.000000 684
120.000000 30.000000 0.000000 685
120.000000 60.000000 0.000000 686
120.000000 90.000000 0.000000 687
120.000000 120.000000 0.000000 688
120.000000 150.000000 0.000000 689
150.000000 0.000000 0.000000 690
150.000000 30.000000 0.000000 691
150.000000 60.000000 0.000000 692
150.000000 90.000000 0.000000 693
150.000000 120.000000 0.000000 694
150.000000 150.000000 0.000000 695
180.000000 0.000000 0.000000 696
180.000000 30.000000 0.000000 697
180.000000 60.000000 0.000000 698
180.000000 90.000000 0.000000 699
180.000000 120.000000 0.000000 700
180.000000 150.000000 0.000000 701
210.000000 0.000000 0.000000 702
210.000000 30.000000 0.000000 703
210.000000 60.000000 0.000000 704
210.000000 90.000000 0.000000 705
210.000000 120.000000 0.000000 706
210.000000 150.000000 0.000000 707
240.000000 0.000000 0.000000 708
240.000000 30.000000 0.000000 709
240.000000 60.000000 0.000000 710
240.000000 90.000000 0.000000 711
240.000000 120.000000 0.000000 712
240.000000 150.000000 0.000000 713
270.000000 0.000000 0.000000 714
270.000000 30.000000 0.000000 715
270.000000 60.000000 0.000000 716
270.000000 90.000000 0.000000 717
270.000000 120.000000 0.000000 718
270.000000 150.000000 0.000000 719
