184.653503 377.502899 0
187.727386 354.382813 1
190.801727 331.244354 2
193.876740 308.085693 3
196.952682 284.904968 4
200.029785 261.700256 5
207.852997 380.335571 6
210.934387 357.239410 7
214.016861 334.125031 8
217.100616 310.990509 9
220.185928 287.834045 10
223.273026 264.653748 11
231.005859 383.166687 12
234.094818 360.093842 13
237.185455 337.002838 14
240.278015 313.891846 15
243.372726 290.759003 16
246.469849 267.602448 17
254.114044 385.996521 18
257.210632 362.946320 19
260.309479 339.878052 20
263.410889 316.789917 21
266.515045 293.680054 22
269.622253 270.546570 23
277.179474 388.825256 24
280.283722 365.797058 25
283.390869 342.750916 26
286.501160 319.684998 27
289.614838 296.597443 28
292.732147 273.486389 29
300.204102 391.653137 30
303.316071 368.646301 31
306.431549 345.621643 32
309.550781 322.577271 33
312.674011 299.511383 34
315.801514 276.422119 35
323.189789 394.480347 36
326.309540 371.494263 37
329.433411 348.490417 38
332.561646 325.466980 39
335.694519 302.422119 40
338.832245 279.354004 41
346.138458 397.307159 42
349.266052 374.341156 43
352.398407 351.357513 44
355.535706 328.354370 45
358.678223 305.329926 46
361.826263 282.282257 47
369.051971 400.133698 48
372.187500 377.187225 49
375.328369 354.223145 50
378.474792 331.239655 51
381.627075 308.234955 52
384.785461 285.207153 53
391.932190 402.960266 54
395.075714 380.032623 55
398.225189 357.087494 56
401.380829 334.123047 57
404.542908 311.137482 58
407.711700 288.128937 59
232.394638 430.719421 60
228.934067 407.860992 61
225.465012 384.959686 62
221.987137 362.013550 63
218.500153 339.020721 64
215.003723 315.979218 65
255.471512 426.736420 66
252.038223 403.898254 67
248.597107 381.017151 68
245.147842 358.091217 69
241.690125 335.118530 70
238.223663 312.097168 71
278.499481 422.766937 72
275.093323 399.948364 73
271.679932 377.086853 74
268.259094 354.180481 75
264.830475 331.227295 76
261.393768 308.225403 77
301.480530 418.810577 78
298.101288 396.011017 79
294.715485 373.168457 80
291.322876 350.280975 81
287.923157 327.346710 82
284.516052 304.363647 83
324.416595 414.867004 84
321.064117 392.085815 85
317.705719 369.261597 86
314.341187 346.392395 87
310.970184 323.476379 88
307.592468 300.511536 89
347.309601 410.935852 90
343.983734 388.172455 91
340.652588 365.365906 92
337.315948 342.514374 93
333.973541 319.615967 94
330.625031 296.668671 95
370.161499 407.016785 96
366.862061 384.270508 97
363.558044 361.481079 98
360.249146 338.646576 99
356.935120 315.765137 100
353.615692 292.834778 101
392.974152 403.109436 102
389.701050 380.379700 103
386.423950 357.606720 104
383.142670 334.788635 105
379.856873 311.923553 106
376.566345 289.009491 107
415.749451 399.213470 108
412.502533 376.499634 109
409.252258 353.742523 110
405.998413 330.940216 111
402.740753 308.090851 112
399.478973 285.192505 113
438.489258 395.328491 114
435.268402 372.629974 115
432.044830 349.888123 116
428.818298 327.101013 117
425.588593 304.266754 118
422.355438 281.383484 119
413.794281 310.299622 120
390.137512 309.153412 121
366.493988 308.009827 122
342.861786 306.868774 123
319.238953 305.730133 124
295.623566 304.593842 125
414.945770 286.710388 126
391.301910 285.570251 127
367.671356 284.432068 128
344.052124 283.295807 129
320.442291 282.161285 130
296.839905 281.028503 131
416.099670 263.148285 132
392.468079 262.014191 133
368.849792 260.881409 134
345.242889 259.749878 135
321.645386 258.619476 136
298.055359 257.490112 137
417.256042 239.611404 138
393.636078 238.483292 139
370.029419 237.355865 140
346.434174 236.229019 141
322.848358 235.102676 142
299.270050 233.976746 143
418.414978 216.097778 144
394.805969 214.975616 145
371.210327 213.853485 146
347.626068 212.731323 147
324.051300 211.609009 148
300.484100 210.486465 149
419.576569 192.605499 150
395.977905 191.489227 151
372.392578 190.372375 152
348.818695 189.254837 153
325.254333 188.136520 154
301.697540 187.017349 155
420.740875 169.132629 156
397.151886 168.022232 157
373.576294 166.910614 158
350.012146 165.797668 159
326.457520 164.683334 160
302.910522 163.567505 161
421.907990 145.677307 162
398.328064 144.572739 163
374.761536 143.466309 164
351.206482 142.357941 165
327.660980 141.247543 166
304.123138 140.135025 167
423.078003 122.237648 168
399.506500 121.138863 169
375.948395 120.037605 170
352.401794 118.933769 171
328.864807 117.827278 172
305.335480 116.718048 173
424.250977 98.811813 174
400.687256 97.718781 175
377.136963 96.622643 176
353.598206 95.523308 177
330.069061 94.420708 178
306.547668 93.314743 179
415.588318 147.462158 180
408.573578 170.097351 181
401.571564 192.701157 182
394.581635 215.275467 183
387.603241 237.822159 184
380.635742 260.343109 185
392.987030 140.488342 186
385.987549 163.127975 187
379.000122 185.736023 188
372.024170 208.314392 189
365.059143 230.864960 190
358.104370 253.389587 191
370.388702 133.512024 192
363.404236 156.156708 193
356.431244 178.769623 194
349.469086 201.352661 195
342.517181 223.907700 196
335.574951 246.436615 197
347.791443 126.532631 198
340.821838 149.182983 199
333.863037 171.801376 200
326.914459 194.389694 201
319.975525 216.949814 202
313.045654 239.483627 203
325.193420 119.549606 204
318.238464 142.206238 205
311.293701 164.830719 206
304.358521 187.424942 207
297.432373 209.990753 208
290.514648 232.530075 209
302.592804 112.562401 210
295.652313 135.225922 211
288.721375 157.857101 212
281.799438 180.457825 213
274.885864 203.029953 214
267.980133 225.575378 215
279.987762 105.570435 216
273.061554 128.241470 217
266.144257 150.879959 218
259.235352 173.487793 219
252.334198 196.066849 220
245.440231 218.618988 221
257.376434 98.573174 222
250.464340 121.252319 223
243.560532 143.898727 224
236.664459 166.514282 225
229.775528 189.100876 226
222.893173 211.660355 227
234.757080 91.570061 228
227.858871 114.257935 229
220.968353 136.912872 230
214.084946 159.536774 231
207.208069 182.131500 232
200.337143 204.698929 233
212.127808 84.560547 234
205.243347 107.257759 235
198.365936 129.921844 236
191.495010 152.554688 237
184.630005 175.158157 238
177.770340 197.734146 239
420.063965 320.490906 240
397.060150 320.870361 241
374.064362 321.252045 242
351.074860 321.635956 243
328.089844 322.022156 244
305.107513 322.410706 245
419.685944 297.481659 246
396.682068 297.863922 247
373.686218 298.247803 248
350.696655 298.633362 249
327.711548 299.020630 250
304.729126 299.409576 251
419.311493 274.473297 252
396.306976 274.858398 253
373.310486 275.244537 254
350.320221 275.631714 255
327.334442 276.020020 256
304.351379 276.409454 257
418.940613 251.464081 258
395.934845 251.852020 259
372.937103 252.240402 260
349.945587 252.629257 261
326.958557 253.018600 262
303.974182 253.408508 263
418.573242 228.452225 264
395.565643 228.843002 265
372.566040 229.233643 266
349.572693 229.624161 267
326.583801 230.014587 268
303.597565 230.404953 269
418.209381 205.435928 270
395.199341 205.829575 271
372.197327 206.222473 272
349.201508 206.614670 273
326.210175 207.006180 274
303.221466 207.397049 275
417.848969 182.413452 276
394.835938 182.809967 277
371.830872 183.205139 278
348.832031 183.599014 279
325.837646 183.991623 280
302.845886 184.382996 281
417.492004 159.382996 282
394.475342 159.782394 283
371.466675 160.179855 284
348.464203 160.575439 285
325.466187 160.969162 286
302.470795 161.361053 287
417.138458 136.342834 288
394.117584 136.745102 289
371.104706 137.144867 290
348.098022 137.542160 291
325.095795 137.936996 292
302.096191 138.329437 293
416.788269 113.291176 294
393.762634 113.696350 295
370.744965 114.098427 296
347.733459 114.497437 297
324.726410 114.893417 298
301.721985 115.286392 299
449.389526 252.854111 300
428.137177 261.898438 301
406.896362 270.940247 302
385.665466 279.980316 303
364.442780 289.019257 304
343.226685 298.057861 305
440.354370 231.627213 306
419.107025 240.674286 307
397.871002 249.718307 308
376.644653 258.760010 309
355.426270 267.800049 310
334.214264 276.839172 311
431.325897 210.406311 312
410.083038 219.456345 313
388.851227 228.502792 314
367.628845 237.546356 315
346.414246 246.587738 316
325.205750 255.627640 317
422.303406 189.189728 318
401.064453 198.242966 319
379.836334 207.292068 320
358.617401 216.337738 321
337.405975 225.380676 322
316.200470 234.421585 323
413.286194 167.975845 324
392.050598 177.032501 325
370.825623 186.084488 326
349.609558 195.132507 327
328.400818 204.177231 328
307.197723 213.219376 329
404.273529 146.763016 330
383.040771 155.823334 331
361.818359 164.878433 332
340.604645 173.929016 333
319.398010 182.975754 334
298.196808 192.019379 335
395.264771 125.549622 336
374.034271 134.613831 337
352.813904 143.672272 338
331.601990 152.725632 339
310.396912 161.774643 340
289.197021 170.819977 341
386.259186 104.334053 342
365.030396 113.402367 343
343.811523 122.464371 344
322.600861 131.520767 345
301.396820 140.572266 346
280.197723 149.619537 347
377.256073 83.114716 348
356.028473 92.187355 349
334.810547 101.253151 350
313.600616 110.312805 351
292.397034 119.367004 352
271.198212 128.416458 353
368.254761 61.889996 354
347.027832 70.967186 355
325.810303 80.037003 356
304.600525 89.100136 357
283.396912 98.157288 358
262.197784 107.209145 359
426.783600 180.297470 360
417.009521 201.297638 361
407.257477 222.257355 362
397.526611 243.178345 363
387.816162 264.062347 364
378.125244 284.911041 365
405.946503 170.423264 366
396.200012 191.416412 367
386.474976 212.368881 368
376.770538 233.282425 369
367.085876 254.158737 370
357.420197 274.999542 371
385.144806 160.562744 372
375.425629 181.549408 373
365.727264 202.495193 374
356.048920 223.401810 375
346.389740 244.270981 376
336.748993 265.104401 377
364.376892 150.715134 378
354.684662 171.695862 379
345.012695 192.635483 380
335.360107 213.535706 381
325.726135 234.398270 382
316.109985 255.224869 383
343.640991 140.879639 384
333.975464 161.854965 385
324.329529 182.788956 386
314.702423 203.683350 387
305.093353 224.539841 388
295.501526 245.360138 389
322.935516 131.055511 390
313.296326 152.025955 391
303.676178 172.954865 392
294.074249 193.843933 393
284.489777 214.694885 394
274.921967 235.509399 395
302.258820 121.241974 396
292.645660 142.208084 397
283.050995 163.132416 398
273.473938 184.016708 399
263.913788 204.862640 400
254.369720 225.671921 401
281.609222 111.438301 402
272.021851 132.400589 403
262.452332 153.320892 404
252.899902 174.200912 405
243.363770 195.042358 406
233.843170 215.846939 407
260.985199 101.643745 408
251.423279 122.602737 409
241.878662 143.519516 410
232.350540 164.395813 411
222.838165 185.233292 412
213.340759 206.033661 413
240.385101 91.857582 414
230.848373 112.813797 415
221.328354 133.727585 416
211.824280 154.600647 417
202.335388 175.434692 418
192.860901 196.231384 419
368.990082 133.515625 420
370.687683 156.670547 421
372.383759 179.770538 422
374.078461 202.817581 423
375.771851 225.813614 424
377.464142 248.760574 425
345.780731 135.185669 426
347.504669 158.331100 427
349.226410 181.421661 428
350.946106 204.459366 429
352.663879 227.446121 430
354.379883 250.383896 431
322.587646 136.852142 432
324.337921 159.988693 433
326.085358 183.070450 434
327.830078 206.099411 435
329.572235 229.077515 436
331.311981 252.006699 437
299.409058 138.515198 438
301.185699 161.643478 439
302.958832 184.717041 440
304.728577 207.737869 441
306.495148 230.707916 442
308.258636 253.629105 443
276.243073 140.174973 444
278.046082 163.295578 445
279.844940 186.361557 446
281.639801 209.374863 447
283.430756 232.337463 448
285.218018 255.251266 449
253.087921 141.831589 450
254.917328 164.945145 451
256.741913 188.004135 452
258.561859 211.010529 453
260.377289 233.966263 454
262.188354 256.873291 455
229.941742 143.485214 456
231.797577 166.592316 457
233.647949 189.644928 458
235.493011 212.645004 459
237.332916 235.594482 460
239.167816 258.495300 461
206.802765 145.135971 462
208.685059 168.237228 463
210.561234 191.284058 464
212.431442 214.278412 465
214.295868 237.222229 466
216.154648 260.117432 467
183.669174 146.784012 468
185.577957 169.880020 469
187.479980 192.921661 470
189.375397 215.910889 471
191.264374 238.849640 472
193.147079 261.739838 473
160.539215 148.429489 474
162.474533 171.520844 475
164.402435 194.557892 476
166.323090 217.542572 477
168.236679 240.476837 478
170.143356 263.362610 479
184.337402 121.425827 480
205.247177 131.620224 481
226.138733 141.804138 482
247.013672 151.978348 483
267.873627 162.143631 484
288.720245 172.300797 485
174.194031 142.321762 486
195.106659 152.507111 487
216.000793 162.682526 488
236.878036 172.848785 489
257.740051 183.006653 490
278.588440 193.156937 491
164.048904 163.213394 492
184.964905 173.389969 493
205.862152 183.557144 494
226.742264 193.715698 495
247.606857 203.866409 496
268.457550 214.010086 497
153.901199 184.102371 498
174.821136 194.270416 499
195.722046 204.429596 500
216.605545 214.580719 501
237.473267 224.724548 502
258.326813 234.861862 503
143.750153 204.990295 504
164.674545 215.150070 505
185.579666 225.301544 506
206.467087 235.445480 507
227.338470 245.582672 508
248.195435 255.713913 509
133.594955 225.878815 510
154.524353 236.030579 511
175.434204 246.174591 512
196.326111 256.311615 513
217.201691 266.442444 514
238.062607 276.567841 515
123.434807 246.769547 516
144.369751 256.913574 517
165.284866 267.050385 518
186.181793 277.180756 519
207.062134 287.305450 520
227.927521 297.425323 521
113.268936 267.664154 522
134.209946 277.800690 523
155.130890 287.930573 524
176.033371 298.054535 525
196.918991 308.173401 526
217.789413 318.287933 527
103.096550 288.564240 528
124.044182 298.693573 529
144.971466 308.816772 530
165.880035 318.934601 531
186.771500 329.047882 532
207.647476 339.157379 533
92.916862 309.471436 534
113.871643 319.593811 535
134.805817 329.710602 536
155.721024 339.822571 537
176.618851 349.930542 538
197.500946 360.035278 539
124.644760 247.524658 540
141.953415 231.363647 541
159.257339 215.203598 542
176.557953 199.043213 543
193.856644 182.881165 544
211.154785 166.716125 545
140.886002 264.801941 546
158.183136 248.650345 547
175.475983 232.500183 548
192.765945 216.350143 549
210.054413 200.198914 550
227.342773 184.045166 551
157.103607 282.058990 552
174.389709 265.916351 553
191.671951 249.775620 554
208.951736 233.635468 555
226.230438 217.494598 556
243.509491 201.351685 557
173.298935 299.297180 558
190.574463 283.163055 559
207.846573 267.031311 560
225.116638 250.900604 561
242.386078 234.769653 562
259.656281 218.637131 563
189.473297 316.517975 564
206.738724 300.391907 565
224.001175 284.268707 566
241.262009 268.147003 567
258.522644 252.025513 568
275.784485 235.902924 569
205.628036 333.722748 570
222.883835 317.604340 571
240.137085 301.489197 572
257.389160 285.376068 573
274.641479 269.263580 574
291.895416 253.150482 575
221.764496 350.912964 576
239.011124 334.801727 577
256.255646 318.694244 578
273.499451 302.589203 579
290.743896 286.485291 580
307.990417 270.381226 581
237.883957 368.089996 582
255.121918 351.985504 583
272.358185 335.885223 584
289.594177 319.787842 585
306.831238 303.692078 586
324.070831 287.596619 587
253.987793 385.255249 588
271.217529 369.157074 589
288.446014 353.063568 590
305.674652 336.973419 591
322.904816 320.885315 592
340.137939 304.798004 593
270.077301 402.410126 594
287.299286 386.317810 595
304.520477 370.230652 596
321.742218 354.147278 597
338.965973 338.066437 598
356.193054 321.986847 599
384.372711 134.291748 600
382.561401 158.011765 601
380.754120 181.713669 602
378.950714 205.399414 603
377.151062 229.070953 604
375.355011 252.730209 605
360.731476 132.549011 606
358.929291 156.259796 607
357.130463 179.952438 608
355.334869 203.628876 609
353.542389 227.291061 610
351.752838 250.940948 611
337.111450 130.805008 612
335.318298 154.507202 613
333.527863 178.191208 614
331.740021 201.859009 615
329.954620 225.512512 616
328.171509 249.153671 617
313.510651 129.059586 618
311.726471 152.753830 619
309.944366 176.429871 620
308.164215 200.089661 621
306.385864 223.735123 622
304.609131 247.368210 623
289.927155 127.312614 624
288.151886 150.999557 625
286.378052 174.668274 626
284.605499 198.320694 627
282.834106 221.958771 628
281.063721 245.584412 629
266.359009 125.563972 630
264.592560 149.244247 631
262.826935 172.906281 632
261.061951 196.551987 633
259.297485 220.183304 634
257.533325 243.802170 635
242.804291 123.813522 636
241.046646 147.487778 637
239.289139 171.143753 638
237.531647 194.783386 639
235.774017 218.408585 640
234.016083 242.021301 641
219.261139 122.061142 642
217.512192 145.730011 643
215.762756 169.380585 644
214.012695 193.014755 645
212.261856 216.634491 646
210.510071 240.241699 647
195.727631 120.306725 648
193.987320 143.970840 649
192.245895 167.616623 650
190.503189 191.245987 651
188.759079 214.860870 652
187.013397 238.463196 653
172.201904 118.550133 654
170.470169 142.210114 655
168.736679 165.851746 656
167.001282 189.476929 657
165.263840 213.087616 658
163.524200 236.685684 659
316.462524 161.952774 660
327.067932 183.434235 661
337.657501 204.879669 662
348.232178 226.290909 663
358.792816 247.669830 664
369.340363 269.018280 665
294.999908 172.488953 666
305.616577 193.948792 667
316.216797 215.372940 668
326.801483 236.763245 669
337.371552 258.121552 670
347.927917 279.449707 671
273.563019 183.011078 672
284.191193 204.449921 673
294.802307 225.853409 674
305.397308 247.223389 675
315.977081 268.561707 676
326.542542 289.870209 677
252.150040 193.520050 678
262.789978 214.938522 679
273.412262 236.321976 680
284.017853 257.672241 681
294.607574 278.991180 682
305.182434 300.280640 683
230.759155 204.016769 684
241.411133 225.415482 685
252.044861 246.779510 686
262.661255 268.110687 687
273.261230 289.410889 688
283.845734 310.681885 689
209.388565 214.502136 690
220.052826 235.881699 691
230.698273 257.226898 692
241.325775 278.539612 693
251.936264 299.821625 694
262.530670 321.074799 695
188.036484 224.977020 696
198.713318 246.338043 697
209.370728 267.665070 698
220.009613 288.959869 699
230.630890 310.224335 700
241.235458 331.460236 701
166.701172 235.442307 702
177.390839 256.785400 703
188.060486 278.094818 704
198.711014 299.372345 705
209.343338 320.619843 706
219.958374 341.839081 707
145.380875 245.898880 708
156.083649 267.224640 709
166.765793 288.517029 710
177.428238 309.777863 711
188.071899 331.008972 712
198.697678 352.212158 713
124.073891 256.347595 714
134.790024 277.656586 715
145.484940 298.932556 716
156.159576 320.177307 717
166.814835 341.392609 718
177.451630 362.580292 719
