307.367981 174.576187 0
304.959106 192.462738 1
302.551666 210.338516 2
300.145538 228.204514 3
297.740601 246.061676 4
295.336731 263.910950 5
289.677490 172.178848 6
287.271484 190.082657 7
284.866577 207.975632 8
282.462677 225.858734 9
280.059662 243.732925 10
277.657410 261.599152 11
271.953827 169.775803 12
269.550659 187.697250 13
267.148285 205.607758 14
264.746582 223.508301 15
262.345459 241.399872 16
259.944824 259.283386 17
254.195923 167.366913 18
251.795609 185.306335 19
249.395767 203.234726 20
246.996277 221.153091 21
244.597046 239.062378 22
242.197968 256.963562 23
236.402725 164.951950 24
234.005280 182.909744 25
231.607956 200.856400 26
229.210663 218.792908 27
226.813324 236.720276 28
224.415802 254.639465 29
218.573120 162.530746 30
216.178543 180.507278 31
213.783768 198.472565 32
211.388687 216.427612 33
208.993210 234.373428 34
206.597229 252.310959 35
200.705994 160.103088 36
198.314316 178.098755 37
195.922073 196.083054 38
193.529205 214.057022 39
191.135590 232.021637 40
188.741150 249.977905 41
182.800140 157.668732 42
180.411377 175.683945 43
178.021713 193.687653 44
175.631042 211.680923 45
173.239304 229.664734 46
170.846390 247.640121 47
164.854370 155.227463 48
162.468552 173.262634 49
160.081451 191.286163 50
157.693024 209.299118 51
155.303146 227.302536 52
152.911743 245.297409 53
146.867371 152.779037 54
144.484528 170.834579 55
142.100052 188.878357 56
139.713852 206.911423 57
137.325851 224.934845 58
134.935959 242.949615 59
283.131805 169.344925 60
285.718689 187.295471 61
288.301056 205.215256 62
290.879028 223.105362 63
293.452759 240.966827 64
296.022430 258.800690 65
265.355042 172.157791 66
267.959320 190.122971 67
270.558685 208.057373 68
273.153320 225.962082 69
275.743378 243.838150 70
278.329041 261.686584 71
247.543762 174.974808 72
250.165558 192.954956 73
252.782059 210.904327 74
255.393463 228.823975 75
257.999939 246.714981 76
260.601685 264.578369 77
229.696915 177.796097 78
232.336334 195.791580 79
234.970108 213.756256 80
237.598404 231.691193 81
240.221436 249.597473 82
242.839386 267.476105 83
211.813400 180.621796 84
214.470612 198.632980 85
217.121765 216.613312 86
219.767105 234.563889 87
222.406799 252.485779 88
225.041061 270.380035 89
193.892105 183.452026 90
196.567245 201.479263 91
199.235962 219.475616 92
201.898453 237.442200 93
204.554962 255.380051 94
207.205643 273.290253 95
175.931870 186.286896 96
178.625107 204.330582 97
181.311523 222.343338 98
183.991333 240.326263 99
186.664780 258.280457 100
189.332031 276.206940 101
157.931488 189.126556 102
160.643005 207.187073 103
163.347290 225.216599 104
166.044571 243.216248 105
168.735092 261.187134 106
171.419052 279.130280 107
139.889725 191.971130 108
142.619705 210.048843 109
145.342026 228.095520 110
148.056961 246.112289 111
150.764725 264.100220 112
153.465530 282.060425 113
121.805290 194.820724 114
124.553925 212.916061 115
127.294487 230.980286 116
130.027222 249.014542 117
132.752396 267.019928 118
135.470200 284.997559 119
82.297028 146.421051 120
100.386177 147.207306 121
118.473213 147.991287 122
136.559418 148.773132 123
154.646011 149.553009 124
172.734192 150.331024 125
81.290733 164.440475 126
99.386055 165.227768 127
117.479317 166.013168 128
135.571793 166.796860 129
153.664719 167.578934 130
171.759262 168.359543 131
80.279312 182.471771 132
98.381210 183.260178 133
116.481087 184.047104 134
134.580231 184.832703 135
152.679855 185.617065 136
170.781143 186.400330 137
79.262787 200.516022 138
97.371651 201.305634 139
115.478539 202.094162 140
133.584717 202.881744 141
151.691422 203.668472 142
169.799805 204.454468 143
78.241142 218.574310 144
96.357376 219.365204 145
114.471664 220.155411 146
132.585266 220.945053 147
150.699402 221.734207 148
168.815262 222.522995 149
77.214378 236.647705 150
95.338379 237.439957 151
113.460442 238.231903 152
131.581848 239.023651 153
149.703796 239.815292 154
167.827484 240.606918 155
76.182480 254.737259 156
94.314636 255.530914 157
112.444862 256.324646 158
130.574432 257.118561 159
148.704559 257.912750 160
166.836426 258.707275 161
75.145409 272.844025 162
93.286118 273.639130 163
111.424896 274.434692 164
129.563004 275.230835 165
147.701691 276.027588 166
165.842087 276.825012 167
74.103127 290.969025 168
92.252785 291.765594 169
110.400490 292.563049 170
128.547531 293.361420 171
146.695114 294.160797 172
164.844421 294.961212 173
73.055595 309.113281 174
91.214584 309.911407 175
109.371613 310.710754 176
127.527939 311.511383 177
145.684799 312.313385 178
163.843369 313.116791 179
74.339600 357.481323 180
79.656715 340.083740 181
84.971107 322.683197 182
90.283112 305.278717 183
95.593063 287.869385 184
100.901260 270.454224 185
91.774178 362.823914 186
97.092285 345.430054 187
102.408058 328.033325 188
107.721817 310.632751 189
113.033897 293.227417 190
118.344589 275.816315 191
109.198486 368.166962 192
114.517746 350.776489 193
119.835037 333.383240 194
125.150696 315.986206 195
130.465027 298.584473 196
135.778336 281.177094 197
126.613724 373.510773 198
131.934280 356.123352 199
137.253250 338.733215 200
142.570923 321.339386 201
147.887619 303.940918 202
153.203659 286.536926 203
144.021057 378.855652 204
149.343063 361.470947 205
154.663818 344.083588 206
159.983643 326.692596 207
165.302841 309.297089 208
170.621704 291.896149 209
161.421600 384.201904 210
166.745193 366.819580 211
172.067886 349.434662 212
177.389984 332.046204 213
182.711792 314.653320 214
188.033585 297.255066 215
178.816437 389.549805 216
184.141754 372.169525 217
189.466507 354.786743 218
194.790985 337.400482 219
200.115509 320.009888 220
205.440369 302.614014 221
196.206604 394.899597 222
201.533783 377.521088 223
206.860703 360.140106 224
212.187698 342.755737 225
217.515045 325.367126 226
222.843063 307.973328 227
213.593140 400.251648 228
218.922272 382.874512 229
224.251511 365.495056 230
229.581116 348.112274 231
234.911407 330.725311 232
240.242661 313.333252 233
230.977005 405.606140 234
236.308243 388.230133 235
241.639877 370.851837 236
246.972229 353.470367 237
252.305557 336.084747 238
257.640167 318.694153 239
80.653183 171.312302 240
98.452110 171.002533 241
116.241226 170.691101 242
134.021729 170.378067 243
151.794785 170.063507 244
169.561508 169.747437 245
80.965973 189.088913 246
98.763809 188.776001 247
116.551910 188.461807 248
134.331497 188.146393 249
152.103699 187.829788 250
169.869629 187.512039 251
81.274551 206.863419 252
99.071678 206.547455 253
116.859146 206.230560 254
134.638168 205.912811 255
152.409866 205.594223 256
170.175369 205.274841 257
81.579025 224.636871 258
99.375801 224.317886 259
117.163010 223.998367 260
134.941818 223.678329 261
152.713379 223.357819 262
170.478775 223.036835 263
81.879456 242.410248 264
99.676270 242.088318 265
117.463570 241.766205 266
135.242523 241.443924 267
153.014282 241.121521 268
170.779922 240.798996 269
82.175926 260.184540 270
99.973145 259.859711 271
117.760887 259.535034 272
135.540344 259.210571 273
153.312637 258.886292 274
171.078857 258.562225 275
82.468498 277.960724 276
100.266487 277.632996 277
118.055031 277.305817 278
135.835327 276.979156 279
153.608490 276.653046 280
171.375626 276.327484 281
82.757225 295.739746 282
100.556335 295.409180 283
118.346039 295.079468 284
136.127518 294.750671 285
153.901901 294.422729 286
171.670273 294.095703 287
83.042145 313.522552 288
100.842743 313.189148 289
118.633957 312.856964 290
136.416962 312.526001 291
154.192886 312.196259 292
171.962814 311.867737 293
83.323288 331.310089 294
101.125725 330.973816 295
118.918800 330.639160 296
136.703674 330.306061 297
154.481476 329.974518 298
172.253281 329.644531 299
61.009212 212.968536 300
77.272568 205.997223 301
93.533554 199.024078 302
109.793221 192.048752 303
126.052574 185.070908 304
142.312576 178.090195 305
67.980522 229.284836 306
84.241844 222.315048 307
100.501030 215.343735 308
116.759109 208.370560 309
133.017075 201.395142 310
149.275909 194.417175 311
74.945671 245.597107 312
91.205338 238.628769 313
107.463081 231.659225 314
123.719933 224.688110 315
139.976883 217.715073 316
156.234863 210.739761 317
81.905174 261.906311 318
98.163551 254.939377 319
114.420219 247.971527 320
130.676193 241.002396 321
146.932449 234.031631 322
163.189926 227.058899 323
88.859528 278.213409 324
105.116974 271.247803 325
121.372917 264.281555 326
137.628357 257.314331 327
153.884247 250.345764 328
170.141556 243.375504 329
95.809204 294.519318 330
112.066071 287.554932 331
128.321625 280.590240 332
144.576859 273.624817 333
160.832733 266.658386 334
177.090164 259.690521 335
102.754662 310.824951 336
119.011299 303.861694 337
135.266800 296.898438 338
151.522156 289.934784 339
167.778305 282.970337 340
184.036209 276.004791 341
109.696335 327.131165 342
125.953072 320.168976 343
142.208847 313.207092 344
158.464645 306.245056 345
174.721405 299.282562 346
190.980057 292.319214 347
116.634659 343.438843 348
132.891830 336.477631 349
149.148193 329.516998 350
165.404739 322.556519 351
181.662415 315.595856 352
197.922134 308.634613 353
123.570030 359.748810 354
139.827957 352.788483 355
156.085236 345.829010 356
172.342850 338.869995 357
188.601730 331.911072 358
204.862808 324.951843 359
72.104782 345.689514 360
79.340439 329.804230 361
86.579803 313.903748 362
93.823288 297.987152 363
101.071320 282.053650 364
108.324303 266.102417 365
87.844177 353.290588 366
95.090126 337.403961 367
102.340103 321.502228 368
109.594543 305.584503 369
116.853844 289.649994 370
124.118423 273.697876 371
103.590080 360.898682 372
110.846497 345.010437 373
118.107277 329.107147 374
125.372826 313.188019 375
132.643570 297.252197 376
139.919891 281.298889 377
119.343483 368.514221 378
126.610550 352.624023 379
133.882294 336.718933 380
141.159134 320.798096 381
148.441467 304.860687 382
155.729691 288.905914 383
135.105362 376.137604 384
142.383255 360.245239 385
149.666138 344.338043 386
156.954422 328.415222 387
164.248505 312.475952 388
171.548782 296.519409 389
150.876648 383.769287 390
158.165543 367.874420 391
165.459732 351.964874 392
172.759613 336.039795 393
180.065613 320.098389 394
187.378082 304.139801 395
166.658264 391.409607 396
173.958328 375.512024 397
181.263977 359.599823 398
188.575638 343.672211 399
195.893677 327.728394 400
203.218506 311.767517 401
182.451096 399.058990 402
189.762497 383.158386 403
197.079773 367.243317 404
204.403336 351.312897 405
211.733597 335.366394 406
219.070938 319.402954 407
198.256042 406.717865 408
205.578918 390.813995 409
212.907974 374.895721 410
220.243622 358.962250 411
227.586227 343.012787 412
234.936203 327.046509 413
214.073914 414.386566 414
221.408447 398.479156 415
228.749451 382.557465 416
236.097305 366.620667 417
243.452438 350.667999 418
250.815201 334.698608 419
117.142723 408.948883 420
115.697411 391.522675 421
114.246857 374.073151 422
112.790993 356.599396 423
111.329727 339.100464 424
109.862961 321.575439 425
134.840439 407.681793 426
133.408157 390.256500 427
131.970993 372.807861 428
130.528870 355.334961 429
129.081680 337.836884 430
127.629364 320.312714 431
152.531479 406.417877 432
151.112198 388.993195 433
149.688385 371.545105 434
148.259949 354.072754 435
146.826797 336.575195 436
145.388870 319.051514 437
170.216919 405.157074 438
168.810623 387.732635 439
167.400116 370.284790 440
165.985336 352.812622 441
164.566193 335.315277 442
163.142593 317.791779 443
187.897812 403.899231 444
186.504486 386.474731 445
185.107269 369.026825 446
183.706100 351.554565 447
182.300903 334.057098 448
180.891586 316.533478 449
205.575195 402.644287 450
204.194794 385.219421 451
202.810837 367.771118 452
201.423264 350.298462 453
200.031967 332.800568 454
198.636902 315.276520 455
223.250046 401.392151 456
221.882568 383.966644 457
220.511841 366.517639 458
219.137817 349.044281 459
217.760391 331.545654 460
216.379517 314.020844 461
240.923340 400.142731 462
239.568741 382.716248 463
238.211227 365.266266 464
236.850723 347.791901 465
235.487152 330.292236 466
234.120438 312.766418 467
258.595978 398.895935 468
257.254272 381.468201 469
255.909958 364.016937 470
254.562958 346.541260 471
253.213196 329.040283 472
251.860596 311.513123 473
276.268921 397.651703 474
274.940094 380.222443 475
273.608948 362.769623 476
272.275391 345.292358 477
270.939423 327.789764 478
269.600922 310.260956 479
243.178970 413.199219 480
227.149704 405.497864 481
211.102005 397.791016 482
195.034988 390.078247 483
178.947754 382.359192 484
162.839340 374.633453 485
250.984665 397.139862 486
234.961029 389.430695 487
218.919144 381.715729 488
202.858093 373.994598 489
186.776993 366.266907 490
170.674927 358.532227 491
258.788239 381.085785 492
242.769974 373.368683 493
226.733582 365.645538 494
210.678207 357.915924 495
194.602966 350.179443 496
178.506912 342.435730 497
266.590179 365.036194 498
250.576950 357.311035 499
234.545792 349.579559 500
218.495789 341.841339 501
202.426086 334.096008 502
186.335739 326.343140 503
274.390808 348.990204 504
258.382385 341.256897 505
242.356155 333.516998 506
226.311249 325.770081 507
210.246780 318.015778 508
194.161865 310.253632 509
282.190552 332.947083 510
266.186646 325.205505 511
250.165085 317.457062 512
234.124985 309.701324 513
218.065475 301.937897 514
201.985672 294.166382 515
289.989838 316.906006 516
273.990173 309.156036 517
257.972961 301.398926 518
241.937408 293.634247 519
225.882584 285.861603 520
209.807602 278.080566 521
297.789001 300.866211 522
281.793304 293.107727 523
265.780243 285.341827 524
249.748917 277.568085 525
233.698486 269.786072 526
217.628036 261.995392 527
305.588440 284.826874 528
289.596466 277.059753 529
273.587250 269.284943 530
257.559906 261.501984 531
241.513580 253.710510 532
225.447403 245.910034 533
313.388580 268.787262 534
297.400055 261.011383 535
281.394379 253.227493 536
265.370758 245.435211 537
249.328278 237.634094 538
233.266052 229.823700 539
345.169769 239.709351 540
331.979279 252.075119 541
318.779266 264.450623 542
305.569000 276.836487 543
292.347839 289.233398 544
279.115051 301.641968 545
332.883972 226.419785 546
319.682343 238.786682 547
306.470917 251.163086 548
293.249084 263.549652 549
280.016083 275.946991 550
266.771271 288.355804 551
320.586365 213.116547 552
307.373352 225.484802 553
294.150330 237.862335 554
280.916626 250.249786 555
267.671570 262.647797 556
254.414444 275.057037 557
308.276337 199.798935 558
295.051666 212.168762 559
281.816803 224.547623 560
268.571014 236.936188 561
255.313629 249.335098 562
242.043945 261.744995 563
295.953125 186.466156 564
282.716614 198.837784 565
269.469604 211.218216 566
256.211487 223.608109 567
242.941528 236.008102 568
229.659027 248.418869 569
283.616089 173.117432 570
270.367432 185.491104 571
257.108093 197.873322 572
243.837372 210.264771 573
230.554565 222.666077 574
217.258957 235.077911 575
271.264496 159.751938 576
258.003418 172.127884 577
244.731461 184.512146 578
231.447876 196.905350 579
218.151947 209.308197 580
204.842972 221.721344 581
258.897522 146.368851 582
245.623840 158.747314 583
232.338974 171.133835 584
219.042252 183.529053 585
205.732941 195.933670 586
192.410294 208.348312 587
246.514465 132.967270 588
233.227859 145.348511 589
219.929840 157.737534 590
206.619690 170.134995 591
193.296692 182.541595 592
179.960098 194.958008 593
234.114471 119.546303 594
220.814667 131.930573 595
207.503204 144.322342 596
194.179352 156.722290 597
180.842377 169.131134 598
167.491516 181.549500 599
91.939217 393.334167 600
93.266495 375.123779 601
94.590240 356.911499 602
95.910530 338.696289 603
97.227470 320.477173 604
98.541138 302.253174 605
110.094917 394.722504 606
111.424118 376.510803 607
112.750168 358.297180 608
114.073143 340.080688 609
115.393150 321.860291 610
116.710251 303.635010 611
128.249893 396.113983 612
129.581070 377.900574 613
130.909470 359.685272 614
132.235184 341.467102 615
133.558273 323.245056 616
134.878830 305.018127 617
146.405350 397.508606 618
147.738571 379.293152 619
149.069366 361.075806 620
150.397842 342.855591 621
151.724060 324.631531 622
153.048096 306.402618 623
164.562469 398.906494 624
165.897781 380.688629 625
167.231033 362.468872 626
168.562302 344.246246 627
169.891663 326.019806 628
171.219208 307.788574 629
182.722412 400.307648 630
184.059860 382.087006 631
185.395599 363.864532 632
186.729706 345.639160 633
188.062241 327.410004 634
189.393311 309.176056 635
200.886246 401.712158 636
202.225891 383.488434 637
203.564163 365.262848 638
204.901138 347.034424 639
206.236893 328.802185 640
207.571503 310.565216 641
219.055084 403.120087 642
220.396957 384.892914 643
221.737793 366.663879 644
223.077667 348.432037 645
224.416656 330.196442 646
225.754852 311.956085 647
237.229935 404.531464 648
238.574097 386.300537 649
239.917542 368.067749 650
241.260345 349.832153 651
242.602615 331.592834 652
243.944397 313.348785 653
255.411850 405.946411 654
256.758331 387.711365 655
258.104401 369.474487 656
259.450195 351.234833 657
260.795746 332.991425 658
262.141144 314.743347 659
170.834015 476.189972 660
162.691605 460.029388 661
154.536240 443.851746 662
146.367447 427.656189 663
138.184769 411.441803 664
129.987717 395.207703 665
187.228882 468.238708 666
179.095947 452.071136 667
170.950394 435.886353 668
162.791763 419.683472 669
154.619583 403.461609 670
146.433380 387.219879 671
203.625565 460.289673 672
195.501968 444.114807 673
187.366074 427.922546 674
179.217422 411.712036 675
171.055557 395.482422 676
162.880005 379.232788 677
220.025101 452.342377 678
211.910690 436.159882 679
203.784286 419.959869 680
195.645447 403.741425 681
187.493729 387.503723 682
179.328644 371.245850 683
236.428482 444.396301 684
228.323105 428.205872 685
220.206039 411.997803 686
212.076859 395.771149 687
203.935104 379.525055 688
195.780334 363.258667 689
252.836685 436.450958 690
244.740173 420.252350 691
236.632294 404.035889 692
228.512619 387.800720 693
220.380692 371.545959 694
212.236053 355.270782 695
269.250610 428.505920 696
261.162872 412.298798 697
253.064026 396.073669 698
244.953705 379.829681 699
236.831421 363.565979 700
228.696762 347.281677 701
285.671234 420.560699 702
277.592072 404.344788 703
269.502136 388.110687 704
261.401031 371.857605 705
253.288254 355.584656 706
245.163406 339.290955 707
302.099426 412.614899 708
294.028717 396.389862 709
285.947571 380.146545 710
277.855499 363.884064 711
269.752075 347.601593 712
261.636902 331.298218 713
318.536072 404.668030 714
310.473694 388.433624 715
302.401154 372.180786 716
294.318024 355.908630 717
286.223816 339.616302 718
278.118164 323.302979 719
